index,artistScore,trackScore
1000.0,75.0,67.0
1001.0,60.0,75.0
1002.0,75.0,62.0
1003.0,67.0,50.0
1004.0,100.0,50.0
1005.0,100.0,20.0
1006.0,60.0,67.0
1007.0,100.0,100.0
1008.0,100.0,94.0
1009.0,89.0,86.0
1010.0,0.0,0.0
1011.0,100.0,67.0
1012.0,0.0,0.0
1013.0,89.0,71.0
1014.0,100.0,56.0
1015.0,100.0,56.0
1016.0,67.0,75.0
1017.0,100.0,100.0
1018.0,100.0,67.0
1019.0,100.0,67.0
1020.0,0.0,0.0
1021.0,0.0,0.0
1022.0,0.0,0.0
1023.0,100.0,50.0
1024.0,80.0,75.0
1025.0,100.0,60.0
1026.0,100.0,43.0
1027.0,100.0,75.0
1028.0,100.0,67.0
1029.0,100.0,67.0
1030.0,100.0,67.0
1031.0,100.0,67.0
1032.0,100.0,50.0
1033.0,100.0,57.0
1034.0,100.0,44.0
1035.0,80.0,67.0
1036.0,80.0,67.0
1037.0,100.0,100.0
1038.0,75.0,67.0
1039.0,75.0,67.0
1040.0,75.0,67.0
1041.0,75.0,67.0
1042.0,67.0,60.0
1043.0,75.0,50.0
1044.0,75.0,59.0
1045.0,80.0,43.0
1046.0,75.0,56.0
1047.0,100.0,100.0
1048.0,100.0,97.0
1049.0,100.0,97.0
1050.0,100.0,97.0
1051.0,100.0,97.0
1052.0,100.0,33.0
1053.0,100.0,67.0
1054.0,100.0,67.0
1055.0,100.0,50.0
1056.0,0.0,0.0
1057.0,0.0,0.0
1058.0,80.0,75.0
1059.0,100.0,56.0
1060.0,100.0,38.0
1061.0,100.0,50.0
1062.0,75.0,67.0
1063.0,80.0,60.0
1064.0,80.0,60.0
1065.0,80.0,57.0
1066.0,80.0,57.0
1067.0,100.0,100.0
1068.0,100.0,36.0
1069.0,100.0,100.0
1070.0,100.0,100.0
1071.0,34.0,41.0
1072.0,100.0,100.0
1073.0,100.0,100.0
1074.0,37.0,41.0
1075.0,66.0,100.0
1076.0,100.0,33.0
1077.0,100.0,100.0
1078.0,100.0,100.0
1079.0,100.0,100.0
1080.0,100.0,100.0
1081.0,100.0,92.0
1082.0,100.0,33.0
1083.0,34.0,41.0
1084.0,100.0,36.0
1085.0,100.0,36.0
1086.0,100.0,100.0
1087.0,100.0,92.0
1088.0,100.0,100.0
1089.0,100.0,100.0
1090.0,100.0,100.0
1091.0,100.0,100.0
1092.0,69.0,100.0
1093.0,69.0,100.0
1094.0,100.0,100.0
1095.0,100.0,100.0
1096.0,100.0,43.0
1097.0,100.0,100.0
1098.0,32.0,41.0
1099.0,34.0,41.0
1100.0,66.0,100.0
1101.0,100.0,36.0
1102.0,100.0,29.0
1103.0,66.0,41.0
1104.0,45.0,32.0
1105.0,100.0,100.0
1106.0,63.0,100.0
1107.0,42.0,41.0
1108.0,100.0,100.0
1109.0,100.0,100.0
1110.0,100.0,33.0
1111.0,34.0,41.0
1112.0,100.0,100.0
1113.0,100.0,100.0
1114.0,100.0,100.0
1115.0,100.0,100.0
1116.0,100.0,100.0
1117.0,100.0,100.0
1118.0,100.0,100.0
1119.0,100.0,100.0
1120.0,100.0,100.0
1121.0,100.0,100.0
1122.0,100.0,86.0
1123.0,47.0,41.0
1124.0,100.0,100.0
1125.0,100.0,100.0
1126.0,42.0,41.0
1127.0,100.0,33.0
1128.0,100.0,100.0
1129.0,42.0,41.0
1130.0,100.0,83.0
1131.0,80.0,100.0
1132.0,100.0,75.0
1133.0,100.0,71.0
1134.0,0.0,0.0
1135.0,0.0,0.0
1136.0,100.0,64.0
1137.0,100.0,64.0
1138.0,80.0,75.0
1139.0,100.0,60.0
1140.0,100.0,100.0
1141.0,75.0,100.0
1142.0,86.0,75.0
1143.0,0.0,0.0
1144.0,100.0,60.0
1145.0,100.0,44.0
1146.0,100.0,50.0
1147.0,75.0,67.0
1148.0,75.0,67.0
1149.0,75.0,67.0
1150.0,0.0,0.0
1151.0,67.0,67.0
1152.0,67.0,67.0
1153.0,67.0,67.0
1154.0,67.0,67.0
1155.0,67.0,67.0
1156.0,67.0,67.0
1157.0,80.0,29.0
1158.0,67.0,60.0
1159.0,67.0,54.0
1160.0,100.0,67.0
1161.0,0.0,0.0
1162.0,0.0,0.0
1163.0,100.0,60.0
1164.0,100.0,57.0
1165.0,100.0,50.0
1166.0,100.0,50.0
1167.0,100.0,57.0
1168.0,83.0,67.0
1169.0,100.0,43.0
1170.0,0.0,0.0
1171.0,0.0,0.0
1172.0,100.0,64.0
1173.0,100.0,62.0
1174.0,100.0,52.0
1175.0,100.0,47.0
1176.0,80.0,67.0
1177.0,100.0,60.0
1178.0,100.0,42.0
1179.0,100.0,50.0
1180.0,100.0,100.0
1181.0,100.0,67.0
1182.0,0.0,0.0
1183.0,100.0,43.0
1184.0,0.0,0.0
1185.0,100.0,44.0
1186.0,67.0,67.0
1187.0,100.0,25.0
1188.0,100.0,50.0
1189.0,100.0,50.0
1190.0,0.0,0.0
1191.0,80.0,67.0
1192.0,100.0,50.0
1193.0,67.0,50.0
1194.0,75.0,33.0
1195.0,67.0,40.0
1196.0,80.0,50.0
1197.0,80.0,50.0
1198.0,67.0,44.0
1199.0,75.0,57.0
1200.0,100.0,100.0
1201.0,100.0,67.0
1202.0,100.0,60.0
1203.0,100.0,43.0
1204.0,100.0,57.0
1205.0,75.0,50.0
1206.0,100.0,55.0
1207.0,100.0,53.0
1208.0,88.0,60.0
1209.0,100.0,52.0
1210.0,100.0,100.0
1211.0,100.0,67.0
1212.0,100.0,50.0
1213.0,100.0,43.0
1214.0,100.0,43.0
1215.0,75.0,60.0
1216.0,88.0,55.0
1217.0,100.0,56.0
1218.0,85.0,64.0
1219.0,80.0,33.0
1220.0,100.0,23.0
1221.0,100.0,100.0
1222.0,100.0,100.0
1223.0,100.0,100.0
1224.0,100.0,80.0
1225.0,100.0,80.0
1226.0,100.0,75.0
1227.0,100.0,75.0
1228.0,100.0,75.0
1229.0,100.0,46.0
1230.0,67.0,50.0
1231.0,67.0,60.0
1232.0,75.0,67.0
1233.0,60.0,50.0
1234.0,75.0,67.0
1235.0,67.0,57.0
1236.0,67.0,60.0
1237.0,67.0,60.0
1238.0,67.0,60.0
1239.0,67.0,62.0
1240.0,60.0,100.0
1241.0,60.0,100.0
1242.0,60.0,100.0
1243.0,60.0,100.0
1244.0,100.0,71.0
1245.0,100.0,64.0
1246.0,80.0,80.0
1247.0,60.0,100.0
1248.0,100.0,59.0
1249.0,67.0,75.0
1250.0,83.0,100.0
1251.0,80.0,100.0
1252.0,80.0,100.0
1253.0,100.0,75.0
1254.0,100.0,67.0
1255.0,100.0,62.0
1256.0,100.0,40.0
1257.0,100.0,43.0
1258.0,75.0,75.0
1259.0,80.0,67.0
1260.0,100.0,60.0
1261.0,100.0,67.0
1262.0,100.0,67.0
1263.0,100.0,75.0
1264.0,0.0,0.0
1265.0,100.0,60.0
1266.0,100.0,60.0
1267.0,100.0,60.0
1268.0,100.0,33.0
1269.0,100.0,57.0
1270.0,100.0,100.0
1271.0,75.0,50.0
1272.0,100.0,57.0
1273.0,100.0,50.0
1274.0,100.0,36.0
1275.0,100.0,50.0
1276.0,75.0,50.0
1277.0,75.0,60.0
1278.0,75.0,50.0
1279.0,75.0,33.0
1280.0,100.0,100.0
1281.0,100.0,67.0
1282.0,100.0,40.0
1283.0,75.0,75.0
1284.0,100.0,53.0
1285.0,100.0,40.0
1286.0,100.0,25.0
1287.0,100.0,33.0
1288.0,100.0,50.0
1289.0,100.0,40.0
1290.0,100.0,100.0
1291.0,0.0,0.0
1292.0,86.0,59.0
1293.0,100.0,17.0
1294.0,100.0,50.0
1295.0,100.0,42.0
1296.0,100.0,50.0
1297.0,100.0,50.0
1298.0,75.0,67.0
1299.0,75.0,67.0
1300.0,0.0,0.0
1301.0,0.0,0.0
1302.0,80.0,67.0
1303.0,80.0,67.0
1304.0,80.0,67.0
1305.0,80.0,60.0
1306.0,80.0,60.0
1307.0,80.0,60.0
1308.0,80.0,43.0
1309.0,80.0,57.0
1310.0,100.0,100.0
1311.0,80.0,60.0
1312.0,100.0,57.0
1313.0,75.0,67.0
1314.0,83.0,64.0
1315.0,100.0,50.0
1316.0,83.0,60.0
1317.0,83.0,60.0
1318.0,83.0,60.0
1319.0,86.0,57.0
1320.0,100.0,67.0
1321.0,83.0,70.0
1322.0,100.0,50.0
1323.0,83.0,75.0
1324.0,100.0,50.0
1325.0,83.0,67.0
1326.0,67.0,69.0
1327.0,67.0,60.0
1328.0,100.0,55.0
1329.0,100.0,53.0
1330.0,100.0,100.0
1331.0,75.0,83.0
1332.0,100.0,67.0
1333.0,67.0,60.0
1334.0,88.0,57.0
1335.0,100.0,44.0
1336.0,100.0,43.0
1337.0,75.0,57.0
1338.0,100.0,50.0
1339.0,100.0,50.0
1340.0,100.0,100.0
1341.0,0.0,0.0
1342.0,100.0,67.0
1343.0,0.0,0.0
1344.0,0.0,0.0
1345.0,100.0,62.0
1346.0,100.0,56.0
1347.0,78.0,78.0
1348.0,80.0,75.0
1349.0,100.0,55.0
1350.0,0.0,0.0
1351.0,80.0,67.0
1352.0,100.0,42.0
1353.0,100.0,50.0
1354.0,75.0,67.0
1355.0,80.0,60.0
1356.0,75.0,62.0
1357.0,80.0,50.0
1358.0,100.0,38.0
1359.0,80.0,57.0
1360.0,80.0,100.0
1361.0,100.0,67.0
1362.0,0.0,0.0
1363.0,100.0,57.0
1364.0,100.0,60.0
1365.0,80.0,75.0
1366.0,80.0,75.0
1367.0,100.0,50.0
1368.0,100.0,60.0
1369.0,100.0,53.0
1370.0,75.0,89.0
1371.0,0.0,0.0
1372.0,100.0,45.0
1373.0,100.0,33.0
1374.0,80.0,60.0
1375.0,75.0,62.0
1376.0,75.0,43.0
1377.0,75.0,29.0
1378.0,80.0,40.0
1379.0,80.0,25.0
1380.0,100.0,100.0
1381.0,100.0,42.0
1382.0,100.0,50.0
1383.0,100.0,50.0
1384.0,100.0,50.0
1385.0,75.0,67.0
1386.0,50.0,62.0
1387.0,80.0,50.0
1388.0,100.0,47.0
1389.0,100.0,47.0
1390.0,100.0,100.0
1391.0,100.0,50.0
1392.0,100.0,50.0
1393.0,75.0,50.0
1394.0,67.0,43.0
1395.0,80.0,40.0
1396.0,80.0,56.0
1397.0,100.0,43.0
1398.0,75.0,50.0
1399.0,75.0,50.0
1400.0,100.0,75.0
1401.0,0.0,0.0
1402.0,100.0,62.0
1403.0,80.0,75.0
1404.0,100.0,60.0
1405.0,100.0,57.0
1406.0,100.0,56.0
1407.0,100.0,55.0
1408.0,80.0,50.0
1409.0,80.0,67.0
1410.0,100.0,60.0
1411.0,100.0,60.0
1412.0,80.0,67.0
1413.0,83.0,62.0
1414.0,100.0,67.0
1415.0,75.0,67.0
1416.0,100.0,55.0
1417.0,100.0,55.0
1418.0,100.0,26.0
1419.0,100.0,26.0
1420.0,97.0,100.0
1421.0,100.0,80.0
1422.0,100.0,50.0
1423.0,0.0,0.0
1424.0,100.0,62.0
1425.0,83.0,75.0
1426.0,100.0,62.0
1427.0,80.0,75.0
1428.0,83.0,70.0
1429.0,83.0,70.0
1430.0,100.0,100.0
1431.0,75.0,75.0
1432.0,0.0,0.0
1433.0,83.0,75.0
1434.0,83.0,70.0
1435.0,75.0,33.0
1436.0,80.0,50.0
1437.0,80.0,56.0
1438.0,100.0,40.0
1439.0,80.0,62.0
1440.0,100.0,100.0
1441.0,0.0,0.0
1442.0,0.0,0.0
1443.0,100.0,67.0
1444.0,100.0,62.0
1445.0,100.0,50.0
1446.0,100.0,56.0
1447.0,100.0,62.0
1448.0,100.0,50.0
1449.0,100.0,56.0
1450.0,100.0,100.0
1451.0,100.0,67.0
1452.0,100.0,67.0
1453.0,100.0,67.0
1454.0,0.0,0.0
1455.0,100.0,50.0
1456.0,77.0,75.0
1457.0,100.0,50.0
1458.0,100.0,56.0
1459.0,100.0,56.0
1460.0,80.0,100.0
1461.0,86.0,62.0
1462.0,80.0,33.0
1463.0,80.0,67.0
1464.0,100.0,50.0
1465.0,100.0,50.0
1466.0,100.0,50.0
1467.0,80.0,57.0
1468.0,75.0,40.0
1469.0,83.0,46.0
1470.0,100.0,100.0
1471.0,100.0,62.0
1472.0,80.0,50.0
1473.0,100.0,42.0
1474.0,100.0,50.0
1475.0,100.0,50.0
1476.0,100.0,50.0
1477.0,80.0,20.0
1478.0,80.0,60.0
1479.0,100.0,47.0
1480.0,100.0,100.0
1481.0,100.0,75.0
1482.0,100.0,67.0
1483.0,0.0,0.0
1484.0,0.0,0.0
1485.0,100.0,60.0
1486.0,80.0,75.0
1487.0,100.0,40.0
1488.0,100.0,40.0
1489.0,100.0,60.0
1490.0,100.0,100.0
1491.0,0.0,0.0
1492.0,0.0,0.0
1493.0,0.0,0.0
1494.0,80.0,75.0
1495.0,80.0,75.0
1496.0,100.0,60.0
1497.0,67.0,67.0
1498.0,67.0,67.0
1499.0,80.0,67.0
1500.0,100.0,100.0
1501.0,0.0,0.0
1502.0,100.0,50.0
1503.0,100.0,60.0
1504.0,75.0,75.0
1505.0,75.0,67.0
1506.0,100.0,33.0
1507.0,83.0,71.0
1508.0,83.0,71.0
1509.0,83.0,71.0
1510.0,100.0,100.0
1511.0,100.0,80.0
1512.0,100.0,67.0
1513.0,0.0,0.0
1514.0,0.0,0.0
1515.0,100.0,50.0
1516.0,67.0,75.0
1517.0,80.0,75.0
1518.0,100.0,56.0
1519.0,75.0,75.0
1520.0,0.0,0.0
1521.0,0.0,0.0
1522.0,83.0,75.0
1523.0,80.0,75.0
1524.0,67.0,71.0
1525.0,67.0,71.0
1526.0,0.0,0.0
1527.0,83.0,67.0
1528.0,67.0,67.0
1529.0,75.0,67.0
1530.0,0.0,0.0
1531.0,0.0,0.0
1532.0,28.0,54.0
1533.0,80.0,67.0
1534.0,67.0,67.0
1535.0,80.0,62.0
1536.0,80.0,56.0
1537.0,67.0,62.0
1538.0,28.0,44.0
1539.0,67.0,60.0
1540.0,100.0,88.0
1541.0,100.0,75.0
1542.0,80.0,67.0
1543.0,0.0,0.0
1544.0,0.0,0.0
1545.0,40.0,75.0
1546.0,100.0,60.0
1547.0,80.0,50.0
1548.0,40.0,67.0
1549.0,67.0,33.0
1550.0,100.0,100.0
1551.0,0.0,0.0
1552.0,0.0,0.0
1553.0,80.0,67.0
1554.0,100.0,42.0
1555.0,100.0,40.0
1556.0,100.0,50.0
1557.0,100.0,50.0
1558.0,100.0,50.0
1559.0,67.0,41.0
1560.0,100.0,100.0
1561.0,0.0,0.0
1562.0,0.0,0.0
1563.0,100.0,62.0
1564.0,100.0,60.0
1565.0,80.0,75.0
1566.0,67.0,75.0
1567.0,67.0,71.0
1568.0,100.0,50.0
1569.0,30.0,54.0
1570.0,100.0,100.0
1571.0,100.0,75.0
1572.0,100.0,60.0
1573.0,100.0,47.0
1574.0,100.0,38.0
1575.0,100.0,31.0
1576.0,67.0,67.0
1577.0,100.0,25.0
1578.0,100.0,50.0
1579.0,100.0,50.0
1580.0,80.0,80.0
1581.0,0.0,0.0
1582.0,75.0,80.0
1583.0,50.0,80.0
1584.0,78.0,75.0
1585.0,50.0,71.0
1586.0,80.0,67.0
1587.0,78.0,67.0
1588.0,80.0,56.0
1589.0,78.0,42.0
1590.0,100.0,95.0
1591.0,100.0,67.0
1592.0,0.0,0.0
1593.0,100.0,60.0
1594.0,100.0,57.0
1595.0,75.0,50.0
1596.0,75.0,50.0
1597.0,73.0,67.0
1598.0,75.0,60.0
1599.0,75.0,50.0
1600.0,100.0,100.0
1601.0,0.0,0.0
1602.0,100.0,55.0
1603.0,75.0,50.0
1604.0,100.0,56.0
1605.0,100.0,57.0
1606.0,100.0,55.0
1607.0,80.0,50.0
1608.0,100.0,50.0
1609.0,67.0,64.0
1610.0,100.0,100.0
1611.0,100.0,75.0
1612.0,0.0,0.0
1613.0,100.0,60.0
1614.0,100.0,60.0
1615.0,75.0,75.0
1616.0,75.0,75.0
1617.0,100.0,56.0
1618.0,83.0,57.0
1619.0,83.0,52.0
1620.0,75.0,75.0
1621.0,75.0,67.0
1622.0,80.0,62.0
1623.0,80.0,62.0
1624.0,50.0,67.0
1625.0,75.0,67.0
1626.0,75.0,67.0
1627.0,75.0,67.0
1628.0,75.0,67.0
1629.0,80.0,40.0
1630.0,0.0,0.0
1631.0,71.0,75.0
1632.0,100.0,57.0
1633.0,100.0,50.0
1634.0,67.0,75.0
1635.0,100.0,60.0
1636.0,100.0,47.0
1637.0,71.0,50.0
1638.0,100.0,46.0
1639.0,100.0,42.0
1640.0,67.0,100.0
1641.0,75.0,75.0
1642.0,67.0,75.0
1643.0,33.0,60.0
1644.0,75.0,50.0
1645.0,67.0,50.0
1646.0,67.0,50.0
1647.0,67.0,50.0
1648.0,67.0,50.0
1649.0,67.0,50.0
1650.0,100.0,100.0
1651.0,0.0,0.0
1652.0,100.0,42.0
1653.0,80.0,62.0
1654.0,100.0,46.0
1655.0,100.0,46.0
1656.0,100.0,40.0
1657.0,75.0,64.0
1658.0,67.0,57.0
1659.0,100.0,31.0
1660.0,33.0,28.0
1661.0,21.0,22.0
1662.0,21.0,29.0
1663.0,33.0,29.0
1664.0,21.0,26.0
1665.0,21.0,25.0
1666.0,21.0,33.0
1667.0,21.0,27.0
1668.0,21.0,31.0
1669.0,24.0,31.0
1670.0,100.0,100.0
1671.0,75.0,80.0
1672.0,0.0,0.0
1673.0,75.0,67.0
1674.0,60.0,75.0
1675.0,75.0,62.0
1676.0,67.0,50.0
1677.0,100.0,50.0
1678.0,100.0,20.0
1679.0,60.0,60.0
1680.0,100.0,100.0
1681.0,100.0,100.0
1682.0,100.0,75.0
1683.0,80.0,80.0
1684.0,100.0,100.0
1685.0,70.0,75.0
1686.0,78.0,75.0
1687.0,100.0,60.0
1688.0,83.0,71.0
1689.0,100.0,40.0
1690.0,100.0,100.0
1691.0,75.0,100.0
1692.0,75.0,100.0
1693.0,100.0,60.0
1694.0,100.0,50.0
1695.0,83.0,67.0
1696.0,100.0,44.0
1697.0,100.0,44.0
1698.0,75.0,40.0
1699.0,71.0,60.0
1700.0,100.0,100.0
1701.0,0.0,0.0
1702.0,80.0,75.0
1703.0,67.0,71.0
1704.0,100.0,46.0
1705.0,100.0,44.0
1706.0,100.0,44.0
1707.0,100.0,52.0
1708.0,67.0,62.0
1709.0,100.0,50.0
1710.0,100.0,60.0
1711.0,100.0,40.0
1712.0,100.0,40.0
1713.0,100.0,56.0
1714.0,100.0,56.0
1715.0,100.0,56.0
1716.0,100.0,56.0
1717.0,100.0,55.0
1718.0,100.0,55.0
1719.0,75.0,60.0
1720.0,100.0,100.0
1721.0,100.0,100.0
1722.0,100.0,67.0
1723.0,100.0,67.0
1724.0,100.0,62.0
1725.0,80.0,75.0
1726.0,100.0,53.0
1727.0,100.0,58.0
1728.0,100.0,42.0
1729.0,100.0,44.0
1730.0,100.0,100.0
1731.0,100.0,75.0
1732.0,0.0,0.0
1733.0,100.0,60.0
1734.0,100.0,60.0
1735.0,80.0,71.0
1736.0,75.0,75.0
1737.0,75.0,75.0
1738.0,83.0,57.0
1739.0,80.0,33.0
1740.0,100.0,100.0
1741.0,100.0,100.0
1742.0,0.0,0.0
1743.0,83.0,50.0
1744.0,80.0,29.0
1745.0,80.0,75.0
1746.0,100.0,56.0
1747.0,18.0,45.0
1748.0,100.0,55.0
1749.0,100.0,55.0
1750.0,67.0,67.0
1751.0,67.0,67.0
1752.0,100.0,33.0
1753.0,100.0,42.0
1754.0,100.0,50.0
1755.0,100.0,45.0
1756.0,100.0,42.0
1757.0,100.0,50.0
1758.0,100.0,36.0
1759.0,80.0,30.0
1760.0,0.0,0.0
1761.0,0.0,0.0
1762.0,80.0,60.0
1763.0,80.0,60.0
1764.0,80.0,60.0
1765.0,80.0,57.0
1766.0,80.0,57.0
1767.0,50.0,60.0
1768.0,50.0,60.0
1769.0,80.0,50.0
1770.0,67.0,75.0
1771.0,67.0,71.0
1772.0,80.0,67.0
1773.0,80.0,67.0
1774.0,75.0,33.0
1775.0,75.0,67.0
1776.0,75.0,50.0
1777.0,75.0,50.0
1778.0,67.0,60.0
1779.0,67.0,40.0
1780.0,75.0,67.0
1781.0,75.0,67.0
1782.0,75.0,67.0
1783.0,67.0,40.0
1784.0,83.0,56.0
1785.0,75.0,60.0
1786.0,75.0,60.0
1787.0,75.0,57.0
1788.0,75.0,56.0
1789.0,75.0,56.0
1790.0,89.0,100.0
1791.0,80.0,100.0
1792.0,67.0,83.0
1793.0,75.0,88.0
1794.0,0.0,0.0
1795.0,100.0,40.0
1796.0,0.0,0.0
1797.0,89.0,47.0
1798.0,89.0,50.0
1799.0,100.0,50.0
1800.0,100.0,50.0
1801.0,100.0,50.0
1802.0,75.0,50.0
1803.0,86.0,50.0
1804.0,100.0,38.0
1805.0,100.0,38.0
1806.0,67.0,67.0
1807.0,100.0,20.0
1808.0,75.0,60.0
1809.0,100.0,40.0
1810.0,67.0,75.0
1811.0,67.0,75.0
1812.0,100.0,43.0
1813.0,86.0,62.0
1814.0,67.0,67.0
1815.0,71.0,33.0
1816.0,71.0,67.0
1817.0,100.0,50.0
1818.0,100.0,50.0
1819.0,67.0,60.0
1820.0,67.0,75.0
1821.0,67.0,75.0
1822.0,71.0,67.0
1823.0,71.0,33.0
1824.0,67.0,50.0
1825.0,67.0,60.0
1826.0,67.0,60.0
1827.0,67.0,60.0
1828.0,67.0,60.0
1829.0,71.0,50.0
1830.0,67.0,75.0
1831.0,67.0,75.0
1832.0,71.0,33.0
1833.0,71.0,67.0
1834.0,67.0,50.0
1835.0,67.0,60.0
1836.0,67.0,60.0
1837.0,67.0,60.0
1838.0,71.0,50.0
1839.0,67.0,25.0
1840.0,0.0,0.0
1841.0,80.0,67.0
1842.0,75.0,50.0
1843.0,75.0,62.0
1844.0,75.0,60.0
1845.0,100.0,29.0
1846.0,80.0,41.0
1847.0,80.0,18.0
1848.0,80.0,50.0
1849.0,75.0,50.0
1850.0,100.0,100.0
1851.0,83.0,100.0
1852.0,100.0,80.0
1853.0,100.0,75.0
1854.0,100.0,50.0
1855.0,100.0,67.0
1856.0,0.0,0.0
1857.0,80.0,67.0
1858.0,83.0,43.0
1859.0,83.0,64.0
1860.0,100.0,100.0
1861.0,100.0,100.0
1862.0,100.0,67.0
1863.0,0.0,0.0
1864.0,80.0,50.0
1865.0,80.0,71.0
1866.0,100.0,100.0
1867.0,100.0,100.0
1868.0,80.0,67.0
1869.0,80.0,67.0
1870.0,100.0,100.0
1871.0,100.0,67.0
1872.0,100.0,43.0
1873.0,88.0,60.0
1874.0,88.0,60.0
1875.0,88.0,47.0
1876.0,88.0,50.0
1877.0,100.0,40.0
1878.0,100.0,50.0
1879.0,100.0,50.0
1880.0,100.0,100.0
1881.0,100.0,67.0
1882.0,100.0,60.0
1883.0,100.0,43.0
1884.0,88.0,60.0
1885.0,100.0,50.0
1886.0,100.0,50.0
1887.0,100.0,33.0
1888.0,100.0,50.0
1889.0,100.0,50.0
1890.0,100.0,100.0
1891.0,100.0,50.0
1892.0,100.0,42.0
1893.0,100.0,50.0
1894.0,100.0,50.0
1895.0,75.0,67.0
1896.0,100.0,47.0
1897.0,100.0,54.0
1898.0,100.0,47.0
1899.0,50.0,57.0
1900.0,100.0,60.0
1901.0,100.0,50.0
1902.0,100.0,50.0
1903.0,0.0,0.0
1904.0,80.0,60.0
1905.0,100.0,29.0
1906.0,80.0,60.0
1907.0,100.0,47.0
1908.0,83.0,50.0
1909.0,100.0,50.0
1910.0,75.0,75.0
1911.0,75.0,67.0
1912.0,75.0,67.0
1913.0,75.0,50.0
1914.0,80.0,57.0
1915.0,75.0,60.0
1916.0,75.0,40.0
1917.0,75.0,40.0
1918.0,75.0,60.0
1919.0,75.0,50.0
1920.0,100.0,67.0
1921.0,0.0,0.0
1922.0,0.0,0.0
1923.0,100.0,60.0
1924.0,100.0,57.0
1925.0,100.0,50.0
1926.0,100.0,50.0
1927.0,100.0,57.0
1928.0,83.0,67.0
1929.0,100.0,43.0
1930.0,100.0,100.0
1931.0,0.0,0.0
1932.0,0.0,0.0
1933.0,80.0,75.0
1934.0,100.0,50.0
1935.0,100.0,56.0
1936.0,83.0,50.0
1937.0,80.0,67.0
1938.0,100.0,33.0
1939.0,100.0,36.0
1940.0,100.0,100.0
1941.0,80.0,75.0
1942.0,80.0,75.0
1943.0,80.0,75.0
1944.0,80.0,75.0
1945.0,100.0,60.0
1946.0,100.0,50.0
1947.0,80.0,75.0
1948.0,83.0,50.0
1949.0,80.0,67.0
1950.0,100.0,100.0
1951.0,0.0,0.0
1952.0,0.0,0.0
1953.0,0.0,0.0
1954.0,100.0,50.0
1955.0,80.0,75.0
1956.0,80.0,75.0
1957.0,100.0,50.0
1958.0,80.0,71.0
1959.0,83.0,50.0
1960.0,100.0,100.0
1961.0,0.0,0.0
1962.0,0.0,0.0
1963.0,80.0,75.0
1964.0,100.0,50.0
1965.0,83.0,50.0
1966.0,80.0,67.0
1967.0,100.0,44.0
1968.0,100.0,50.0
1969.0,100.0,50.0
1970.0,0.0,0.0
1971.0,0.0,0.0
1972.0,75.0,75.0
1973.0,24.0,54.0
1974.0,80.0,67.0
1975.0,80.0,67.0
1976.0,24.0,44.0
1977.0,80.0,56.0
1978.0,80.0,50.0
1979.0,67.0,60.0
1980.0,100.0,100.0
1981.0,100.0,80.0
1982.0,100.0,75.0
1983.0,88.0,80.0
1984.0,100.0,33.0
1985.0,100.0,67.0
1986.0,100.0,67.0
1987.0,0.0,0.0
1988.0,100.0,50.0
1989.0,100.0,60.0
1990.0,100.0,100.0
1991.0,100.0,80.0
1992.0,100.0,75.0
1993.0,88.0,80.0
1994.0,100.0,67.0
1995.0,100.0,67.0
1996.0,100.0,33.0
1997.0,0.0,0.0
1998.0,100.0,50.0
1999.0,100.0,60.0
2000.0,100.0,67.0
2001.0,0.0,0.0
2002.0,0.0,0.0
2003.0,83.0,75.0
2004.0,80.0,75.0
2005.0,80.0,75.0
2006.0,80.0,75.0
2007.0,83.0,71.0
2008.0,100.0,43.0
2009.0,100.0,57.0
2010.0,0.0,0.0
2011.0,80.0,75.0
2012.0,86.0,62.0
2013.0,86.0,30.0
2014.0,100.0,50.0
2015.0,100.0,50.0
2016.0,40.0,40.0
2017.0,80.0,60.0
2018.0,80.0,57.0
2019.0,80.0,57.0
2020.0,100.0,88.0
2021.0,100.0,75.0
2022.0,100.0,67.0
2023.0,0.0,0.0
2024.0,80.0,75.0
2025.0,100.0,60.0
2026.0,31.0,38.0
2027.0,100.0,53.0
2028.0,100.0,50.0
2029.0,100.0,25.0
2030.0,100.0,50.0
2031.0,60.0,73.0
2032.0,75.0,50.0
2033.0,60.0,67.0
2034.0,60.0,50.0
2035.0,67.0,33.0
2036.0,80.0,67.0
2037.0,79.0,62.0
2038.0,75.0,40.0
2039.0,75.0,60.0
2040.0,100.0,40.0
2041.0,67.0,67.0
2042.0,67.0,67.0
2043.0,67.0,50.0
2044.0,67.0,67.0
2045.0,83.0,64.0
2046.0,67.0,62.0
2047.0,67.0,50.0
2048.0,83.0,60.0
2049.0,67.0,62.0
2050.0,79.0,100.0
2051.0,67.0,100.0
2052.0,100.0,75.0
2053.0,100.0,60.0
2054.0,100.0,44.0
2055.0,100.0,43.0
2056.0,100.0,54.0
2057.0,100.0,50.0
2058.0,100.0,50.0
2059.0,100.0,50.0
2060.0,21.0,33.0
2061.0,100.0,100.0
2062.0,18.0,33.0
2063.0,30.0,28.0
2064.0,100.0,75.0
2065.0,100.0,75.0
2066.0,30.0,44.0
2067.0,100.0,50.0
2068.0,26.0,57.0
2069.0,100.0,50.0
2070.0,100.0,100.0
2071.0,100.0,50.0
2072.0,100.0,60.0
2073.0,100.0,57.0
2074.0,0.0,0.0
2075.0,100.0,33.0
2076.0,100.0,50.0
2077.0,100.0,50.0
2078.0,100.0,50.0
2079.0,100.0,50.0
2080.0,100.0,67.0
2081.0,100.0,67.0
2082.0,100.0,60.0
2083.0,100.0,50.0
2084.0,100.0,57.0
2085.0,100.0,57.0
2086.0,100.0,43.0
2087.0,100.0,50.0
2088.0,100.0,44.0
2089.0,100.0,50.0
2090.0,100.0,100.0
2091.0,100.0,100.0
2092.0,0.0,0.0
2093.0,83.0,50.0
2094.0,80.0,75.0
2095.0,80.0,75.0
2096.0,80.0,29.0
2097.0,80.0,75.0
2098.0,100.0,56.0
2099.0,23.0,45.0
2100.0,100.0,100.0
2101.0,100.0,100.0
2102.0,0.0,0.0
2103.0,83.0,50.0
2104.0,80.0,75.0
2105.0,100.0,56.0
2106.0,23.0,45.0
2107.0,100.0,55.0
2108.0,100.0,45.0
2109.0,100.0,55.0
2110.0,100.0,100.0
2111.0,100.0,100.0
2112.0,0.0,0.0
2113.0,83.0,50.0
2114.0,80.0,29.0
2115.0,80.0,75.0
2116.0,100.0,56.0
2117.0,100.0,45.0
2118.0,100.0,55.0
2119.0,100.0,55.0
2120.0,0.0,0.0
2121.0,75.0,80.0
2122.0,75.0,75.0
2123.0,100.0,100.0
2124.0,100.0,25.0
2125.0,80.0,62.0
2126.0,75.0,67.0
2127.0,75.0,67.0
2128.0,80.0,60.0
2129.0,75.0,62.0
2130.0,100.0,67.0
2131.0,100.0,50.0
2132.0,75.0,75.0
2133.0,75.0,75.0
2134.0,100.0,56.0
2135.0,100.0,56.0
2136.0,100.0,56.0
2137.0,100.0,38.0
2138.0,100.0,50.0
2139.0,100.0,50.0
2140.0,100.0,57.0
2141.0,100.0,67.0
2142.0,0.0,0.0
2143.0,100.0,60.0
2144.0,86.0,67.0
2145.0,100.0,48.0
2146.0,75.0,69.0
2147.0,100.0,50.0
2148.0,80.0,62.0
2149.0,100.0,50.0
2150.0,100.0,100.0
2151.0,100.0,54.0
2152.0,100.0,56.0
2153.0,100.0,32.0
2154.0,100.0,40.0
2155.0,100.0,45.0
2156.0,80.0,57.0
2157.0,100.0,48.0
2158.0,100.0,50.0
2159.0,100.0,50.0
2160.0,67.0,69.0
2161.0,80.0,50.0
2162.0,80.0,67.0
2163.0,67.0,67.0
2164.0,80.0,56.0
2165.0,80.0,47.0
2166.0,67.0,60.0
2167.0,80.0,60.0
2168.0,67.0,60.0
2169.0,67.0,46.0
2170.0,100.0,100.0
2171.0,100.0,54.0
2172.0,100.0,56.0
2173.0,100.0,32.0
2174.0,100.0,40.0
2175.0,100.0,45.0
2176.0,80.0,57.0
2177.0,100.0,48.0
2178.0,100.0,50.0
2179.0,100.0,50.0
2180.0,67.0,69.0
2181.0,80.0,50.0
2182.0,80.0,67.0
2183.0,67.0,67.0
2184.0,80.0,56.0
2185.0,80.0,47.0
2186.0,67.0,60.0
2187.0,80.0,60.0
2188.0,67.0,60.0
2189.0,67.0,46.0
2190.0,35.0,31.0
2191.0,30.0,45.0
2192.0,30.0,19.0
2193.0,30.0,30.0
2194.0,30.0,36.0
2195.0,30.0,27.0
2196.0,30.0,28.0
2197.0,30.0,30.0
2198.0,30.0,29.0
2199.0,30.0,25.0
2200.0,100.0,50.0
2201.0,100.0,43.0
2202.0,80.0,57.0
2203.0,80.0,57.0
2204.0,75.0,55.0
2205.0,100.0,33.0
2206.0,100.0,29.0
2207.0,100.0,40.0
2208.0,80.0,40.0
2209.0,100.0,17.0
2210.0,80.0,100.0
2211.0,100.0,71.0
2212.0,100.0,33.0
2213.0,100.0,67.0
2214.0,100.0,64.0
2215.0,80.0,75.0
2216.0,0.0,0.0
2217.0,71.0,75.0
2218.0,82.0,67.0
2219.0,82.0,60.0
2220.0,92.0,71.0
2221.0,80.0,80.0
2222.0,92.0,67.0
2223.0,80.0,75.0
2224.0,80.0,75.0
2225.0,83.0,67.0
2226.0,82.0,60.0
2227.0,82.0,67.0
2228.0,80.0,33.0
2229.0,75.0,67.0
2230.0,80.0,75.0
2231.0,0.0,0.0
2232.0,71.0,75.0
2233.0,82.0,67.0
2234.0,82.0,60.0
2235.0,80.0,67.0
2236.0,75.0,67.0
2237.0,75.0,67.0
2238.0,82.0,43.0
2239.0,80.0,33.0
2240.0,80.0,75.0
2241.0,0.0,0.0
2242.0,100.0,58.0
2243.0,71.0,75.0
2244.0,82.0,60.0
2245.0,82.0,67.0
2246.0,80.0,33.0
2247.0,75.0,67.0
2248.0,80.0,33.0
2249.0,100.0,50.0
2250.0,100.0,100.0
2251.0,100.0,67.0
2252.0,0.0,0.0
2253.0,100.0,62.0
2254.0,80.0,75.0
2255.0,80.0,75.0
2256.0,100.0,57.0
2257.0,100.0,44.0
2258.0,100.0,46.0
2259.0,100.0,44.0
2260.0,86.0,100.0
2261.0,100.0,67.0
2262.0,100.0,67.0
2263.0,100.0,57.0
2264.0,86.0,67.0
2265.0,86.0,33.0
2266.0,100.0,44.0
2267.0,100.0,44.0
2268.0,15.0,37.0
2269.0,100.0,53.0
2270.0,100.0,75.0
2271.0,100.0,67.0
2272.0,100.0,67.0
2273.0,100.0,43.0
2274.0,100.0,56.0
2275.0,100.0,33.0
2276.0,100.0,18.0
2277.0,100.0,44.0
2278.0,80.0,50.0
2279.0,80.0,60.0
2280.0,80.0,67.0
2281.0,0.0,0.0
2282.0,67.0,75.0
2283.0,100.0,46.0
2284.0,100.0,32.0
2285.0,100.0,38.0
2286.0,100.0,40.0
2287.0,100.0,42.0
2288.0,67.0,62.0
2289.0,100.0,50.0
2290.0,100.0,67.0
2291.0,80.0,75.0
2292.0,80.0,75.0
2293.0,80.0,71.0
2294.0,0.0,0.0
2295.0,100.0,42.0
2296.0,67.0,62.0
2297.0,100.0,50.0
2298.0,100.0,50.0
2299.0,100.0,50.0
2300.0,80.0,60.0
2301.0,80.0,75.0
2302.0,100.0,53.0
2303.0,100.0,50.0
2304.0,67.0,62.0
2305.0,100.0,50.0
2306.0,100.0,36.0
2307.0,100.0,50.0
2308.0,100.0,50.0
2309.0,80.0,40.0
2310.0,100.0,60.0
2311.0,100.0,57.0
2312.0,0.0,0.0
2313.0,100.0,25.0
2314.0,100.0,25.0
2315.0,100.0,50.0
2316.0,75.0,67.0
2317.0,75.0,67.0
2318.0,75.0,67.0
2319.0,75.0,67.0
2320.0,100.0,100.0
2321.0,100.0,75.0
2322.0,100.0,67.0
2323.0,0.0,0.0
2324.0,0.0,0.0
2325.0,100.0,60.0
2326.0,80.0,75.0
2327.0,100.0,40.0
2328.0,100.0,40.0
2329.0,100.0,60.0
2330.0,100.0,80.0
2331.0,90.0,86.0
2332.0,83.0,90.0
2333.0,100.0,50.0
2334.0,83.0,80.0
2335.0,100.0,62.0
2336.0,83.0,75.0
2337.0,100.0,62.0
2338.0,83.0,70.0
2339.0,100.0,43.0
2340.0,100.0,100.0
2341.0,100.0,67.0
2342.0,100.0,67.0
2343.0,0.0,0.0
2344.0,0.0,0.0
2345.0,0.0,0.0
2346.0,100.0,50.0
2347.0,80.0,75.0
2348.0,100.0,60.0
2349.0,100.0,43.0
2350.0,100.0,100.0
2351.0,0.0,0.0
2352.0,0.0,0.0
2353.0,0.0,0.0
2354.0,100.0,62.0
2355.0,80.0,75.0
2356.0,100.0,53.0
2357.0,80.0,75.0
2358.0,80.0,50.0
2359.0,100.0,50.0
2360.0,100.0,100.0
2361.0,80.0,86.0
2362.0,0.0,0.0
2363.0,0.0,0.0
2364.0,0.0,0.0
2365.0,100.0,62.0
2366.0,80.0,50.0
2367.0,100.0,53.0
2368.0,80.0,75.0
2369.0,100.0,50.0
2370.0,100.0,100.0
2371.0,80.0,86.0
2372.0,100.0,67.0
2373.0,100.0,57.0
2374.0,0.0,0.0
2375.0,100.0,55.0
2376.0,100.0,62.0
2377.0,100.0,62.0
2378.0,80.0,75.0
2379.0,80.0,75.0
2380.0,100.0,67.0
2381.0,100.0,67.0
2382.0,100.0,50.0
2383.0,0.0,0.0
2384.0,78.0,75.0
2385.0,100.0,43.0
2386.0,86.0,67.0
2387.0,100.0,38.0
2388.0,100.0,50.0
2389.0,86.0,62.0
2390.0,100.0,62.0
2391.0,80.0,71.0
2392.0,75.0,64.0
2393.0,75.0,64.0
2394.0,75.0,50.0
2395.0,75.0,50.0
2396.0,100.0,54.0
2397.0,75.0,62.0
2398.0,75.0,38.0
2399.0,75.0,62.0
2400.0,100.0,62.0
2401.0,75.0,67.0
2402.0,75.0,67.0
2403.0,75.0,50.0
2404.0,75.0,50.0
2405.0,75.0,62.0
2406.0,75.0,62.0
2407.0,80.0,50.0
2408.0,80.0,60.0
2409.0,100.0,53.0
2410.0,80.0,100.0
2411.0,100.0,20.0
2412.0,75.0,50.0
2413.0,75.0,50.0
2414.0,80.0,60.0
2415.0,67.0,50.0
2416.0,80.0,50.0
2417.0,80.0,50.0
2418.0,100.0,44.0
2419.0,100.0,50.0
2420.0,90.0,60.0
2421.0,90.0,60.0
2422.0,75.0,50.0
2423.0,75.0,50.0
2424.0,75.0,62.0
2425.0,75.0,62.0
2426.0,80.0,50.0
2427.0,80.0,60.0
2428.0,90.0,57.0
2429.0,90.0,57.0
2430.0,100.0,61.0
2431.0,75.0,50.0
2432.0,75.0,50.0
2433.0,75.0,62.0
2434.0,75.0,62.0
2435.0,80.0,57.0
2436.0,80.0,50.0
2437.0,80.0,60.0
2438.0,80.0,50.0
2439.0,80.0,67.0
2440.0,100.0,50.0
2441.0,100.0,79.0
2442.0,100.0,71.0
2443.0,100.0,67.0
2444.0,100.0,67.0
2445.0,100.0,50.0
2446.0,80.0,75.0
2447.0,100.0,58.0
2448.0,30.0,57.0
2449.0,100.0,43.0
2450.0,100.0,100.0
2451.0,100.0,50.0
2452.0,100.0,67.0
2453.0,79.0,67.0
2454.0,80.0,67.0
2455.0,100.0,62.0
2456.0,76.0,67.0
2457.0,81.0,67.0
2458.0,100.0,60.0
2459.0,100.0,60.0
2460.0,67.0,69.0
2461.0,80.0,67.0
2462.0,80.0,50.0
2463.0,67.0,67.0
2464.0,67.0,67.0
2465.0,67.0,67.0
2466.0,80.0,56.0
2467.0,80.0,47.0
2468.0,80.0,60.0
2469.0,67.0,60.0
2470.0,100.0,100.0
2471.0,100.0,54.0
2472.0,100.0,56.0
2473.0,100.0,32.0
2474.0,100.0,40.0
2475.0,100.0,45.0
2476.0,80.0,57.0
2477.0,100.0,48.0
2478.0,100.0,50.0
2479.0,100.0,50.0
2480.0,100.0,100.0
2481.0,100.0,50.0
2482.0,86.0,71.0
2483.0,100.0,50.0
2484.0,86.0,67.0
2485.0,78.0,67.0
2486.0,75.0,50.0
2487.0,86.0,57.0
2488.0,100.0,50.0
2489.0,100.0,50.0
2490.0,100.0,100.0
2491.0,0.0,0.0
2492.0,0.0,0.0
2493.0,100.0,62.0
2494.0,100.0,60.0
2495.0,80.0,75.0
2496.0,67.0,75.0
2497.0,67.0,71.0
2498.0,100.0,50.0
2499.0,30.0,54.0
2500.0,100.0,33.0
2501.0,0.0,0.0
2502.0,75.0,75.0
2503.0,80.0,33.0
2504.0,100.0,50.0
2505.0,100.0,32.0
2506.0,100.0,50.0
2507.0,100.0,25.0
2508.0,100.0,25.0
2509.0,100.0,50.0
2510.0,100.0,100.0
2511.0,100.0,64.0
2512.0,80.0,80.0
2513.0,80.0,75.0
2514.0,100.0,59.0
2515.0,80.0,67.0
2516.0,67.0,71.0
2517.0,100.0,50.0
2518.0,80.0,62.0
2519.0,100.0,50.0
2520.0,100.0,67.0
2521.0,80.0,80.0
2522.0,100.0,50.0
2523.0,80.0,60.0
2524.0,80.0,71.0
2525.0,67.0,69.0
2526.0,100.0,53.0
2527.0,80.0,50.0
2528.0,67.0,67.0
2529.0,67.0,67.0
2530.0,100.0,67.0
2531.0,100.0,50.0
2532.0,80.0,75.0
2533.0,80.0,71.0
2534.0,67.0,71.0
2535.0,100.0,38.0
2536.0,100.0,48.0
2537.0,100.0,52.0
2538.0,100.0,53.0
2539.0,80.0,64.0
2540.0,100.0,100.0
2541.0,100.0,60.0
2542.0,100.0,67.0
2543.0,0.0,0.0
2544.0,0.0,0.0
2545.0,100.0,56.0
2546.0,100.0,62.0
2547.0,100.0,62.0
2548.0,100.0,62.0
2549.0,100.0,60.0
2550.0,100.0,100.0
2551.0,100.0,60.0
2552.0,0.0,0.0
2553.0,0.0,0.0
2554.0,100.0,67.0
2555.0,100.0,62.0
2556.0,100.0,56.0
2557.0,100.0,62.0
2558.0,100.0,62.0
2559.0,100.0,60.0
2560.0,100.0,100.0
2561.0,100.0,75.0
2562.0,100.0,60.0
2563.0,100.0,75.0
2564.0,100.0,67.0
2565.0,0.0,0.0
2566.0,0.0,0.0
2567.0,100.0,62.0
2568.0,100.0,56.0
2569.0,100.0,55.0
2570.0,100.0,75.0
2571.0,100.0,86.0
2572.0,100.0,86.0
2573.0,100.0,86.0
2574.0,100.0,86.0
2575.0,100.0,86.0
2576.0,100.0,69.0
2577.0,100.0,80.0
2578.0,100.0,67.0
2579.0,100.0,75.0
2580.0,100.0,64.0
2581.0,0.0,0.0
2582.0,100.0,50.0
2583.0,100.0,54.0
2584.0,100.0,67.0
2585.0,100.0,50.0
2586.0,83.0,80.0
2587.0,26.0,36.0
2588.0,83.0,75.0
2589.0,71.0,75.0
2590.0,0.0,0.0
2591.0,0.0,0.0
2592.0,80.0,80.0
2593.0,67.0,80.0
2594.0,100.0,56.0
2595.0,100.0,56.0
2596.0,100.0,40.0
2597.0,100.0,40.0
2598.0,80.0,75.0
2599.0,67.0,75.0
2600.0,100.0,75.0
2601.0,0.0,0.0
2602.0,100.0,67.0
2603.0,100.0,67.0
2604.0,100.0,40.0
2605.0,0.0,0.0
2606.0,100.0,40.0
2607.0,80.0,83.0
2608.0,100.0,55.0
2609.0,100.0,56.0
2610.0,0.0,0.0
2611.0,0.0,0.0
2612.0,100.0,56.0
2613.0,100.0,56.0
2614.0,67.0,75.0
2615.0,67.0,75.0
2616.0,100.0,40.0
2617.0,100.0,40.0
2618.0,67.0,71.0
2619.0,67.0,67.0
2620.0,67.0,100.0
2621.0,100.0,56.0
2622.0,100.0,56.0
2623.0,67.0,75.0
2624.0,67.0,75.0
2625.0,80.0,75.0
2626.0,100.0,40.0
2627.0,100.0,40.0
2628.0,67.0,71.0
2629.0,100.0,40.0
2630.0,100.0,100.0
2631.0,100.0,42.0
2632.0,80.0,67.0
2633.0,80.0,67.0
2634.0,100.0,43.0
2635.0,100.0,54.0
2636.0,100.0,46.0
2637.0,80.0,67.0
2638.0,80.0,67.0
2639.0,100.0,40.0
2640.0,100.0,100.0
2641.0,100.0,42.0
2642.0,80.0,67.0
2643.0,100.0,57.0
2644.0,100.0,43.0
2645.0,100.0,54.0
2646.0,80.0,64.0
2647.0,100.0,40.0
2648.0,100.0,50.0
2649.0,67.0,62.0
2650.0,100.0,75.0
2651.0,83.0,80.0
2652.0,0.0,0.0
2653.0,0.0,0.0
2654.0,67.0,75.0
2655.0,100.0,42.0
2656.0,100.0,57.0
2657.0,100.0,57.0
2658.0,100.0,46.0
2659.0,83.0,67.0
2660.0,100.0,75.0
2661.0,0.0,0.0
2662.0,0.0,0.0
2663.0,100.0,60.0
2664.0,100.0,64.0
2665.0,100.0,56.0
2666.0,100.0,56.0
2667.0,100.0,40.0
2668.0,100.0,40.0
2669.0,100.0,42.0
2670.0,100.0,100.0
2671.0,100.0,38.0
2672.0,83.0,50.0
2673.0,75.0,71.0
2674.0,100.0,60.0
2675.0,100.0,60.0
2676.0,100.0,60.0
2677.0,100.0,60.0
2678.0,100.0,40.0
2679.0,100.0,60.0
2680.0,67.0,78.0
2681.0,100.0,57.0
2682.0,100.0,46.0
2683.0,80.0,67.0
2684.0,80.0,67.0
2685.0,67.0,64.0
2686.0,100.0,39.0
2687.0,100.0,40.0
2688.0,100.0,50.0
2689.0,100.0,50.0
2690.0,100.0,100.0
2691.0,80.0,71.0
2692.0,100.0,57.0
2693.0,100.0,46.0
2694.0,100.0,53.0
2695.0,80.0,67.0
2696.0,80.0,67.0
2697.0,80.0,67.0
2698.0,80.0,25.0
2699.0,80.0,67.0
2700.0,100.0,100.0
2701.0,100.0,57.0
2702.0,80.0,71.0
2703.0,75.0,75.0
2704.0,100.0,53.0
2705.0,80.0,67.0
2706.0,80.0,67.0
2707.0,80.0,25.0
2708.0,80.0,67.0
2709.0,80.0,67.0
2710.0,100.0,100.0
2711.0,80.0,100.0
2712.0,100.0,75.0
2713.0,75.0,67.0
2714.0,100.0,50.0
2715.0,100.0,50.0
2716.0,80.0,71.0
2717.0,100.0,50.0
2718.0,100.0,50.0
2719.0,75.0,71.0
2720.0,100.0,100.0
2721.0,80.0,75.0
2722.0,100.0,40.0
2723.0,100.0,46.0
2724.0,80.0,58.0
2725.0,80.0,67.0
2726.0,80.0,67.0
2727.0,80.0,67.0
2728.0,100.0,50.0
2729.0,80.0,62.0
2730.0,100.0,100.0
2731.0,75.0,86.0
2732.0,100.0,40.0
2733.0,80.0,75.0
2734.0,75.0,75.0
2735.0,75.0,75.0
2736.0,80.0,67.0
2737.0,80.0,58.0
2738.0,40.0,67.0
2739.0,80.0,67.0
2740.0,0.0,0.0
2741.0,0.0,0.0
2742.0,100.0,56.0
2743.0,100.0,56.0
2744.0,100.0,60.0
2745.0,80.0,75.0
2746.0,80.0,75.0
2747.0,100.0,60.0
2748.0,100.0,50.0
2749.0,100.0,60.0
2750.0,0.0,0.0
2751.0,80.0,67.0
2752.0,67.0,75.0
2753.0,100.0,38.0
2754.0,100.0,46.0
2755.0,80.0,67.0
2756.0,80.0,67.0
2757.0,80.0,67.0
2758.0,100.0,44.0
2759.0,100.0,50.0
2760.0,0.0,0.0
2761.0,80.0,67.0
2762.0,67.0,50.0
2763.0,67.0,75.0
2764.0,67.0,50.0
2765.0,100.0,38.0
2766.0,80.0,67.0
2767.0,80.0,67.0
2768.0,80.0,67.0
2769.0,83.0,60.0
2770.0,80.0,100.0
2771.0,0.0,0.0
2772.0,80.0,67.0
2773.0,67.0,75.0
2774.0,100.0,60.0
2775.0,67.0,75.0
2776.0,100.0,60.0
2777.0,67.0,75.0
2778.0,100.0,55.0
2779.0,80.0,67.0
2780.0,0.0,0.0
2781.0,0.0,0.0
2782.0,67.0,80.0
2783.0,100.0,56.0
2784.0,100.0,56.0
2785.0,67.0,75.0
2786.0,67.0,75.0
2787.0,100.0,40.0
2788.0,100.0,40.0
2789.0,67.0,71.0
2790.0,100.0,100.0
2791.0,77.0,83.0
2792.0,100.0,43.0
2793.0,0.0,0.0
2794.0,0.0,0.0
2795.0,83.0,75.0
2796.0,100.0,56.0
2797.0,100.0,56.0
2798.0,83.0,75.0
2799.0,100.0,40.0
2800.0,100.0,100.0
2801.0,100.0,75.0
2802.0,100.0,67.0
2803.0,100.0,50.0
2804.0,79.0,67.0
2805.0,80.0,67.0
2806.0,100.0,62.0
2807.0,76.0,67.0
2808.0,100.0,62.0
2809.0,100.0,60.0
2810.0,100.0,100.0
2811.0,100.0,75.0
2812.0,100.0,50.0
2813.0,100.0,67.0
2814.0,79.0,67.0
2815.0,80.0,67.0
2816.0,100.0,62.0
2817.0,76.0,67.0
2818.0,100.0,62.0
2819.0,100.0,60.0
2820.0,100.0,100.0
2821.0,77.0,83.0
2822.0,0.0,0.0
2823.0,0.0,0.0
2824.0,100.0,43.0
2825.0,83.0,75.0
2826.0,83.0,75.0
2827.0,100.0,56.0
2828.0,100.0,56.0
2829.0,100.0,40.0
2830.0,100.0,100.0
2831.0,0.0,0.0
2832.0,77.0,83.0
2833.0,0.0,0.0
2834.0,0.0,0.0
2835.0,100.0,56.0
2836.0,100.0,56.0
2837.0,83.0,75.0
2838.0,86.0,67.0
2839.0,80.0,75.0
2840.0,100.0,100.0
2841.0,80.0,60.0
2842.0,100.0,57.0
2843.0,75.0,67.0
2844.0,83.0,64.0
2845.0,83.0,60.0
2846.0,83.0,60.0
2847.0,83.0,60.0
2848.0,100.0,50.0
2849.0,100.0,50.0
2850.0,100.0,100.0
2851.0,75.0,50.0
2852.0,100.0,56.0
2853.0,100.0,57.0
2854.0,75.0,62.0
2855.0,100.0,50.0
2856.0,75.0,60.0
2857.0,75.0,41.0
2858.0,75.0,67.0
2859.0,75.0,67.0
2860.0,100.0,100.0
2861.0,100.0,56.0
2862.0,100.0,43.0
2863.0,75.0,60.0
2864.0,100.0,57.0
2865.0,75.0,62.0
2866.0,100.0,42.0
2867.0,100.0,41.0
2868.0,100.0,54.0
2869.0,100.0,50.0
2870.0,100.0,100.0
2871.0,100.0,43.0
2872.0,100.0,33.0
2873.0,100.0,50.0
2874.0,100.0,54.0
2875.0,100.0,52.0
2876.0,100.0,50.0
2877.0,100.0,50.0
2878.0,75.0,67.0
2879.0,100.0,47.0
2880.0,67.0,67.0
2881.0,67.0,67.0
2882.0,80.0,67.0
2883.0,80.0,50.0
2884.0,75.0,67.0
2885.0,75.0,67.0
2886.0,75.0,67.0
2887.0,75.0,50.0
2888.0,75.0,67.0
2889.0,80.0,41.0
2890.0,100.0,100.0
2891.0,75.0,50.0
2892.0,100.0,57.0
2893.0,100.0,50.0
2894.0,100.0,47.0
2895.0,100.0,36.0
2896.0,100.0,50.0
2897.0,75.0,50.0
2898.0,75.0,50.0
2899.0,100.0,44.0
2900.0,100.0,86.0
2901.0,100.0,86.0
2902.0,67.0,100.0
2903.0,100.0,62.0
2904.0,100.0,62.0
2905.0,67.0,73.0
2906.0,67.0,71.0
2907.0,75.0,62.0
2908.0,80.0,60.0
2909.0,67.0,67.0
2910.0,67.0,67.0
2911.0,67.0,67.0
2912.0,67.0,67.0
2913.0,80.0,29.0
2914.0,67.0,60.0
2915.0,67.0,32.0
2916.0,100.0,29.0
2917.0,75.0,62.0
2918.0,67.0,39.0
2919.0,67.0,50.0
2920.0,75.0,89.0
2921.0,0.0,0.0
2922.0,80.0,60.0
2923.0,100.0,45.0
2924.0,100.0,33.0
2925.0,75.0,62.0
2926.0,60.0,20.0
2927.0,75.0,29.0
2928.0,60.0,57.0
2929.0,75.0,50.0
2930.0,100.0,95.0
2931.0,100.0,60.0
2932.0,75.0,80.0
2933.0,0.0,0.0
2934.0,100.0,60.0
2935.0,100.0,60.0
2936.0,100.0,60.0
2937.0,100.0,58.0
2938.0,100.0,50.0
2939.0,100.0,43.0
2940.0,100.0,100.0
2941.0,100.0,75.0
2942.0,80.0,71.0
2943.0,100.0,56.0
2944.0,100.0,55.0
2945.0,100.0,55.0
2946.0,100.0,46.0
2947.0,100.0,50.0
2948.0,100.0,33.0
2949.0,100.0,50.0
2950.0,0.0,0.0
2951.0,80.0,75.0
2952.0,100.0,57.0
2953.0,100.0,57.0
2954.0,50.0,75.0
2955.0,50.0,73.0
2956.0,80.0,67.0
2957.0,100.0,50.0
2958.0,100.0,36.0
2959.0,100.0,50.0
2960.0,80.0,75.0
2961.0,80.0,75.0
2962.0,100.0,57.0
2963.0,100.0,33.0
2964.0,80.0,67.0
2965.0,67.0,67.0
2966.0,100.0,50.0
2967.0,100.0,50.0
2968.0,100.0,36.0
2969.0,100.0,50.0
2970.0,100.0,100.0
2971.0,75.0,83.0
2972.0,100.0,67.0
2973.0,100.0,29.0
2974.0,100.0,40.0
2975.0,100.0,50.0
2976.0,100.0,36.0
2977.0,100.0,40.0
2978.0,75.0,50.0
2979.0,100.0,33.0
2980.0,100.0,100.0
2981.0,75.0,83.0
2982.0,100.0,67.0
2983.0,100.0,29.0
2984.0,100.0,40.0
2985.0,86.0,67.0
2986.0,86.0,67.0
2987.0,100.0,55.0
2988.0,100.0,44.0
2989.0,100.0,46.0
2990.0,100.0,100.0
2991.0,100.0,58.0
2992.0,100.0,34.0
2993.0,100.0,56.0
2994.0,100.0,45.0
2995.0,100.0,40.0
2996.0,100.0,41.0
2997.0,100.0,23.0
2998.0,100.0,31.0
2999.0,100.0,50.0
3000.0,100.0,86.0
3001.0,100.0,75.0
3002.0,100.0,50.0
3003.0,100.0,60.0
3004.0,100.0,60.0
3005.0,100.0,60.0
3006.0,100.0,45.0
3007.0,100.0,56.0
3008.0,100.0,54.0
3009.0,100.0,49.0
3010.0,100.0,75.0
3011.0,100.0,75.0
3012.0,100.0,75.0
3013.0,100.0,40.0
3014.0,100.0,50.0
3015.0,100.0,60.0
3016.0,100.0,60.0
3017.0,100.0,60.0
3018.0,100.0,45.0
3019.0,100.0,56.0
3020.0,100.0,100.0
3021.0,80.0,86.0
3022.0,0.0,0.0
3023.0,0.0,0.0
3024.0,67.0,75.0
3025.0,80.0,67.0
3026.0,100.0,57.0
3027.0,80.0,63.0
3028.0,100.0,50.0
3029.0,100.0,45.0
3030.0,67.0,50.0
3031.0,67.0,60.0
3032.0,75.0,67.0
3033.0,60.0,50.0
3034.0,75.0,67.0
3035.0,67.0,57.0
3036.0,67.0,60.0
3037.0,67.0,60.0
3038.0,67.0,60.0
3039.0,67.0,62.0
3040.0,75.0,67.0
3041.0,86.0,50.0
3042.0,75.0,50.0
3043.0,75.0,62.0
3044.0,67.0,50.0
3045.0,75.0,40.0
3046.0,67.0,55.0
3047.0,60.0,67.0
3048.0,67.0,57.0
3049.0,75.0,50.0
3050.0,71.0,67.0
3051.0,75.0,75.0
3052.0,75.0,75.0
3053.0,100.0,50.0
3054.0,67.0,58.0
3055.0,83.0,67.0
3056.0,100.0,43.0
3057.0,67.0,50.0
3058.0,67.0,40.0
3059.0,67.0,50.0
3060.0,100.0,100.0
3061.0,0.0,0.0
3062.0,100.0,50.0
3063.0,100.0,60.0
3064.0,75.0,75.0
3065.0,75.0,67.0
3066.0,100.0,33.0
3067.0,83.0,71.0
3068.0,83.0,71.0
3069.0,83.0,71.0
3070.0,100.0,100.0
3071.0,75.0,75.0
3072.0,100.0,50.0
3073.0,75.0,67.0
3074.0,75.0,60.0
3075.0,75.0,40.0
3076.0,75.0,50.0
3077.0,100.0,29.0
3078.0,100.0,28.0
3079.0,100.0,23.0
3080.0,100.0,100.0
3081.0,75.0,100.0
3082.0,100.0,50.0
3083.0,75.0,67.0
3084.0,73.0,50.0
3085.0,80.0,50.0
3086.0,75.0,55.0
3087.0,75.0,60.0
3088.0,73.0,62.0
3089.0,73.0,62.0
3090.0,75.0,73.0
3091.0,67.0,55.0
3092.0,80.0,38.0
3093.0,75.0,57.0
3094.0,75.0,50.0
3095.0,67.0,50.0
3096.0,80.0,33.0
3097.0,80.0,44.0
3098.0,80.0,20.0
3099.0,80.0,20.0
3100.0,67.0,67.0
3101.0,67.0,67.0
3102.0,80.0,41.0
3103.0,67.0,60.0
3104.0,67.0,54.0
3105.0,75.0,62.0
3106.0,67.0,39.0
3107.0,67.0,42.0
3108.0,67.0,29.0
3109.0,75.0,60.0
3110.0,100.0,67.0
3111.0,67.0,67.0
3112.0,67.0,75.0
3113.0,67.0,67.0
3114.0,67.0,67.0
3115.0,67.0,50.0
3116.0,100.0,50.0
3117.0,100.0,50.0
3118.0,100.0,32.0
3119.0,100.0,33.0
3120.0,100.0,40.0
3121.0,100.0,47.0
3122.0,80.0,69.0
3123.0,100.0,46.0
3124.0,100.0,50.0
3125.0,100.0,50.0
3126.0,100.0,50.0
3127.0,50.0,62.0
3128.0,60.0,71.0
3129.0,50.0,61.0
3130.0,75.0,80.0
3131.0,80.0,75.0
3132.0,0.0,0.0
3133.0,80.0,67.0
3134.0,80.0,67.0
3135.0,80.0,67.0
3136.0,80.0,67.0
3137.0,67.0,67.0
3138.0,67.0,67.0
3139.0,80.0,67.0
3140.0,100.0,100.0
3141.0,100.0,67.0
3142.0,100.0,57.0
3143.0,100.0,56.0
3144.0,86.0,60.0
3145.0,86.0,55.0
3146.0,100.0,50.0
3147.0,83.0,60.0
3148.0,100.0,25.0
3149.0,83.0,60.0
3150.0,100.0,100.0
3151.0,100.0,67.0
3152.0,100.0,40.0
3153.0,60.0,75.0
3154.0,100.0,40.0
3155.0,100.0,57.0
3156.0,100.0,50.0
3157.0,86.0,67.0
3158.0,100.0,56.0
3159.0,86.0,57.0
3160.0,100.0,50.0
3161.0,100.0,79.0
3162.0,100.0,67.0
3163.0,100.0,67.0
3164.0,100.0,62.0
3165.0,100.0,60.0
3166.0,100.0,60.0
3167.0,100.0,60.0
3168.0,100.0,58.0
3169.0,26.0,57.0
3170.0,100.0,100.0
3171.0,100.0,50.0
3172.0,0.0,0.0
3173.0,100.0,50.0
3174.0,100.0,60.0
3175.0,100.0,50.0
3176.0,100.0,57.0
3177.0,100.0,57.0
3178.0,100.0,57.0
3179.0,75.0,50.0
3180.0,100.0,100.0
3181.0,0.0,0.0
3182.0,75.0,73.0
3183.0,100.0,60.0
3184.0,75.0,29.0
3185.0,75.0,60.0
3186.0,75.0,67.0
3187.0,75.0,50.0
3188.0,75.0,44.0
3189.0,75.0,60.0
3190.0,79.0,71.0
3191.0,100.0,50.0
3192.0,79.0,63.0
3193.0,71.0,71.0
3194.0,100.0,62.0
3195.0,80.0,71.0
3196.0,79.0,60.0
3197.0,71.0,63.0
3198.0,100.0,60.0
3199.0,100.0,60.0
3200.0,0.0,0.0
3201.0,0.0,0.0
3202.0,28.0,54.0
3203.0,80.0,67.0
3204.0,67.0,67.0
3205.0,80.0,62.0
3206.0,80.0,56.0
3207.0,67.0,62.0
3208.0,28.0,44.0
3209.0,67.0,60.0
3210.0,100.0,50.0
3211.0,100.0,65.0
3212.0,100.0,60.0
3213.0,80.0,75.0
3214.0,60.0,75.0
3215.0,80.0,75.0
3216.0,100.0,54.0
3217.0,100.0,58.0
3218.0,100.0,57.0
3219.0,100.0,40.0
3220.0,100.0,100.0
3221.0,75.0,75.0
3222.0,75.0,75.0
3223.0,100.0,50.0
3224.0,100.0,50.0
3225.0,100.0,50.0
3226.0,100.0,55.0
3227.0,100.0,25.0
3228.0,75.0,33.0
3229.0,50.0,67.0
3230.0,100.0,100.0
3231.0,75.0,73.0
3232.0,100.0,27.0
3233.0,100.0,27.0
3234.0,75.0,50.0
3235.0,75.0,40.0
3236.0,75.0,55.0
3237.0,75.0,44.0
3238.0,100.0,27.0
3239.0,75.0,50.0
3240.0,100.0,100.0
3241.0,100.0,59.0
3242.0,100.0,47.0
3243.0,100.0,56.0
3244.0,80.0,50.0
3245.0,80.0,67.0
3246.0,80.0,67.0
3247.0,67.0,33.0
3248.0,100.0,39.0
3249.0,86.0,57.0
3250.0,100.0,50.0
3251.0,100.0,79.0
3252.0,100.0,67.0
3253.0,100.0,67.0
3254.0,100.0,67.0
3255.0,100.0,67.0
3256.0,100.0,62.0
3257.0,100.0,60.0
3258.0,100.0,40.0
3259.0,100.0,40.0
3260.0,100.0,100.0
3261.0,75.0,75.0
3262.0,100.0,62.0
3263.0,100.0,40.0
3264.0,86.0,67.0
3265.0,80.0,64.0
3266.0,100.0,56.0
3267.0,100.0,50.0
3268.0,100.0,43.0
3269.0,100.0,38.0
3270.0,100.0,100.0
3271.0,100.0,67.0
3272.0,100.0,36.0
3273.0,100.0,43.0
3274.0,60.0,50.0
3275.0,100.0,33.0
3276.0,75.0,60.0
3277.0,100.0,44.0
3278.0,100.0,40.0
3279.0,60.0,63.0
3280.0,100.0,97.0
3281.0,100.0,67.0
3282.0,100.0,60.0
3283.0,100.0,46.0
3284.0,100.0,57.0
3285.0,75.0,50.0
3286.0,0.0,0.0
3287.0,80.0,50.0
3288.0,100.0,50.0
3289.0,60.0,70.0
3290.0,100.0,100.0
3291.0,100.0,50.0
3292.0,0.0,0.0
3293.0,75.0,75.0
3294.0,67.0,67.0
3295.0,100.0,33.0
3296.0,100.0,33.0
3297.0,100.0,50.0
3298.0,100.0,40.0
3299.0,100.0,50.0
3300.0,100.0,100.0
3301.0,100.0,33.0
3302.0,100.0,33.0
3303.0,100.0,100.0
3304.0,100.0,100.0
3305.0,100.0,29.0
3306.0,100.0,100.0
3307.0,63.0,100.0
3308.0,100.0,100.0
3309.0,66.0,100.0
3310.0,100.0,100.0
3311.0,100.0,100.0
3312.0,0.0,0.0
3313.0,0.0,0.0
3314.0,0.0,0.0
3315.0,80.0,75.0
3316.0,75.0,62.0
3317.0,25.0,46.0
3318.0,75.0,67.0
3319.0,75.0,46.0
3320.0,50.0,67.0
3321.0,100.0,62.0
3322.0,100.0,100.0
3323.0,100.0,100.0
3324.0,100.0,60.0
3325.0,100.0,60.0
3326.0,100.0,55.0
3327.0,75.0,71.0
3328.0,80.0,67.0
3329.0,80.0,67.0
3330.0,80.0,50.0
3331.0,20.0,21.0
3332.0,22.0,29.0
3333.0,15.0,9.0
3334.0,18.0,16.0
3335.0,15.0,14.0
3336.0,20.0,16.0
3337.0,24.0,29.0
3338.0,18.0,75.0
3339.0,20.0,64.0
3340.0,20.0,64.0
3341.0,20.0,21.0
3342.0,22.0,29.0
3343.0,15.0,9.0
3344.0,18.0,16.0
3345.0,15.0,14.0
3346.0,20.0,16.0
3347.0,24.0,29.0
3348.0,18.0,75.0
3349.0,20.0,64.0
3350.0,20.0,64.0
3351.0,80.0,69.0
3352.0,83.0,60.0
3353.0,80.0,62.0
3354.0,75.0,67.0
3355.0,80.0,60.0
3356.0,75.0,62.0
3357.0,75.0,62.0
3358.0,75.0,62.0
3359.0,20.0,38.0
3360.0,20.0,45.0
3361.0,100.0,75.0
3362.0,0.0,0.0
3363.0,100.0,62.0
3364.0,80.0,75.0
3365.0,100.0,60.0
3366.0,100.0,57.0
3367.0,75.0,75.0
3368.0,100.0,56.0
3369.0,100.0,55.0
3370.0,75.0,71.0
3371.0,0.0,0.0
3372.0,67.0,67.0
3373.0,50.0,67.0
3374.0,50.0,22.0
3375.0,67.0,20.0
3376.0,67.0,20.0
3377.0,50.0,16.0
3378.0,50.0,18.0
3379.0,67.0,11.0
3380.0,50.0,17.0
3381.0,100.0,44.0
3382.0,100.0,67.0
3383.0,0.0,0.0
3384.0,0.0,0.0
3385.0,100.0,60.0
3386.0,100.0,57.0
3387.0,100.0,57.0
3388.0,100.0,38.0
3389.0,100.0,45.0
3390.0,100.0,44.0
3391.0,80.0,80.0
3392.0,100.0,56.0
3393.0,100.0,50.0
3394.0,100.0,56.0
3395.0,77.0,75.0
3396.0,100.0,50.0
3397.0,83.0,73.0
3398.0,100.0,40.0
3399.0,100.0,40.0
3400.0,67.0,75.0
3401.0,100.0,80.0
3402.0,100.0,80.0
3403.0,83.0,80.0
3404.0,0.0,0.0
3405.0,77.0,75.0
3406.0,83.0,75.0
3407.0,100.0,62.0
3408.0,100.0,56.0
3409.0,100.0,56.0
3410.0,100.0,62.0
3411.0,100.0,100.0
3412.0,91.0,59.0
3413.0,75.0,59.0
3414.0,75.0,67.0
3415.0,67.0,50.0
3416.0,91.0,53.0
3417.0,91.0,50.0
3418.0,75.0,60.0
3419.0,86.0,33.0
3420.0,75.0,46.0
3421.0,100.0,100.0
3422.0,100.0,50.0
3423.0,0.0,0.0
3424.0,0.0,0.0
3425.0,100.0,60.0
3426.0,100.0,60.0
3427.0,100.0,60.0
3428.0,100.0,60.0
3429.0,80.0,75.0
3430.0,100.0,57.0
3431.0,0.0,0.0
3432.0,0.0,0.0
3433.0,0.0,0.0
3434.0,100.0,50.0
3435.0,100.0,45.0
3436.0,100.0,44.0
3437.0,75.0,71.0
3438.0,100.0,53.0
3439.0,100.0,44.0
3440.0,67.0,62.0
3441.0,75.0,100.0
3442.0,100.0,62.0
3443.0,100.0,20.0
3444.0,100.0,60.0
3445.0,100.0,42.0
3446.0,100.0,50.0
3447.0,100.0,40.0
3448.0,100.0,50.0
3449.0,100.0,50.0
3450.0,100.0,50.0
3451.0,100.0,100.0
3452.0,75.0,50.0
3453.0,100.0,57.0
3454.0,75.0,71.0
3455.0,100.0,50.0
3456.0,75.0,67.0
3457.0,75.0,67.0
3458.0,100.0,36.0
3459.0,100.0,50.0
3460.0,75.0,50.0
3461.0,0.0,0.0
3462.0,100.0,50.0
3463.0,0.0,0.0
3464.0,100.0,54.0
3465.0,75.0,71.0
3466.0,80.0,67.0
3467.0,100.0,50.0
3468.0,100.0,50.0
3469.0,100.0,38.0
3470.0,100.0,36.0
3471.0,100.0,100.0
3472.0,100.0,54.0
3473.0,100.0,56.0
3474.0,100.0,32.0
3475.0,100.0,40.0
3476.0,100.0,45.0
3477.0,80.0,57.0
3478.0,100.0,50.0
3479.0,100.0,50.0
3480.0,100.0,48.0
3481.0,100.0,100.0
3482.0,75.0,73.0
3483.0,100.0,27.0
3484.0,100.0,27.0
3485.0,75.0,40.0
3486.0,75.0,50.0
3487.0,75.0,55.0
3488.0,75.0,44.0
3489.0,100.0,27.0
3490.0,75.0,50.0
3491.0,100.0,100.0
3492.0,75.0,75.0
3493.0,75.0,60.0
3494.0,75.0,60.0
3495.0,75.0,62.0
3496.0,75.0,50.0
3497.0,75.0,56.0
3498.0,100.0,36.0
3499.0,100.0,50.0
3500.0,100.0,38.0
3501.0,100.0,100.0
3502.0,100.0,54.0
3503.0,100.0,56.0
3504.0,100.0,32.0
3505.0,100.0,40.0
3506.0,100.0,45.0
3507.0,80.0,57.0
3508.0,100.0,50.0
3509.0,100.0,50.0
3510.0,100.0,48.0
3511.0,100.0,100.0
3512.0,100.0,59.0
3513.0,100.0,40.0
3514.0,83.0,56.0
3515.0,100.0,42.0
3516.0,83.0,61.0
3517.0,80.0,63.0
3518.0,100.0,54.0
3519.0,100.0,40.0
3520.0,100.0,43.0
3521.0,0.0,0.0
3522.0,80.0,71.0
3523.0,0.0,0.0
3524.0,80.0,67.0
3525.0,100.0,50.0
3526.0,100.0,48.0
3527.0,75.0,67.0
3528.0,75.0,67.0
3529.0,75.0,50.0
3530.0,75.0,67.0
3531.0,100.0,50.0
3532.0,100.0,33.0
3533.0,60.0,67.0
3534.0,100.0,25.0
3535.0,100.0,23.0
3536.0,60.0,40.0
3537.0,100.0,27.0
3538.0,60.0,50.0
3539.0,60.0,40.0
3540.0,75.0,20.0
3541.0,89.0,100.0
3542.0,75.0,100.0
3543.0,0.0,0.0
3544.0,75.0,71.0
3545.0,75.0,67.0
3546.0,75.0,50.0
3547.0,75.0,67.0
3548.0,75.0,67.0
3549.0,75.0,60.0
3550.0,75.0,60.0
3551.0,67.0,69.0
3552.0,67.0,67.0
3553.0,67.0,67.0
3554.0,67.0,67.0
3555.0,80.0,50.0
3556.0,80.0,67.0
3557.0,80.0,56.0
3558.0,80.0,47.0
3559.0,80.0,60.0
3560.0,67.0,60.0
3561.0,100.0,50.0
3562.0,100.0,33.0
3563.0,60.0,67.0
3564.0,100.0,25.0
3565.0,100.0,23.0
3566.0,60.0,40.0
3567.0,100.0,27.0
3568.0,75.0,20.0
3569.0,60.0,50.0
3570.0,60.0,40.0
3571.0,100.0,100.0
3572.0,100.0,67.0
3573.0,100.0,50.0
3574.0,79.0,67.0
3575.0,80.0,67.0
3576.0,100.0,62.0
3577.0,76.0,67.0
3578.0,81.0,67.0
3579.0,100.0,60.0
3580.0,100.0,60.0
3581.0,100.0,100.0
3582.0,80.0,100.0
3583.0,80.0,100.0
3584.0,100.0,67.0
3585.0,80.0,83.0
3586.0,100.0,67.0
3587.0,100.0,60.0
3588.0,100.0,50.0
3589.0,100.0,60.0
3590.0,100.0,60.0
3591.0,100.0,67.0
3592.0,100.0,38.0
3593.0,100.0,47.0
3594.0,32.0,54.0
3595.0,67.0,67.0
3596.0,80.0,67.0
3597.0,80.0,50.0
3598.0,100.0,44.0
3599.0,100.0,50.0
3600.0,100.0,50.0
3601.0,100.0,100.0
3602.0,100.0,100.0
3603.0,100.0,33.0
3604.0,100.0,67.0
3605.0,100.0,67.0
3606.0,100.0,50.0
3607.0,100.0,50.0
3608.0,100.0,50.0
3609.0,100.0,67.0
3610.0,100.0,50.0
3611.0,0.0,0.0
3612.0,75.0,80.0
3613.0,100.0,100.0
3614.0,75.0,75.0
3615.0,75.0,73.0
3616.0,80.0,62.0
3617.0,100.0,25.0
3618.0,75.0,67.0
3619.0,75.0,67.0
3620.0,80.0,60.0
3621.0,79.0,71.0
3622.0,100.0,50.0
3623.0,79.0,63.0
3624.0,71.0,71.0
3625.0,100.0,62.0
3626.0,80.0,71.0
3627.0,79.0,60.0
3628.0,71.0,63.0
3629.0,100.0,60.0
3630.0,100.0,60.0
3631.0,100.0,100.0
3632.0,75.0,100.0
3633.0,100.0,75.0
3634.0,80.0,71.0
3635.0,100.0,56.0
3636.0,100.0,55.0
3637.0,100.0,55.0
3638.0,100.0,46.0
3639.0,75.0,71.0
3640.0,100.0,50.0
3641.0,100.0,56.0
3642.0,100.0,56.0
3643.0,100.0,40.0
3644.0,67.0,75.0
3645.0,100.0,40.0
3646.0,100.0,40.0
3647.0,67.0,67.0
3648.0,100.0,40.0
3649.0,100.0,50.0
3650.0,100.0,50.0
3651.0,100.0,97.0
3652.0,100.0,67.0
3653.0,100.0,60.0
3654.0,100.0,57.0
3655.0,100.0,46.0
3656.0,75.0,50.0
3657.0,80.0,50.0
3658.0,100.0,50.0
3659.0,75.0,60.0
3660.0,100.0,33.0
3661.0,75.0,50.0
3662.0,67.0,67.0
3663.0,67.0,67.0
3664.0,67.0,67.0
3665.0,67.0,67.0
3666.0,100.0,43.0
3667.0,100.0,29.0
3668.0,80.0,38.0
3669.0,67.0,46.0
3670.0,67.0,55.0
3671.0,100.0,29.0
3672.0,67.0,67.0
3673.0,67.0,67.0
3674.0,67.0,67.0
3675.0,67.0,65.0
3676.0,80.0,29.0
3677.0,67.0,60.0
3678.0,67.0,46.0
3679.0,80.0,60.0
3680.0,67.0,40.0
3681.0,100.0,100.0
3682.0,80.0,100.0
3683.0,80.0,67.0
3684.0,80.0,67.0
3685.0,80.0,67.0
3686.0,75.0,60.0
3687.0,67.0,62.0
3688.0,100.0,40.0
3689.0,100.0,50.0
3690.0,75.0,57.0
3691.0,100.0,100.0
3692.0,100.0,54.0
3693.0,100.0,40.0
3694.0,100.0,29.0
3695.0,100.0,57.0
3696.0,100.0,39.0
3697.0,100.0,38.0
3698.0,100.0,42.0
3699.0,100.0,50.0
3700.0,100.0,40.0
3701.0,80.0,100.0
3702.0,83.0,80.0
3703.0,67.0,75.0
3704.0,100.0,42.0
3705.0,100.0,57.0
3706.0,100.0,57.0
3707.0,73.0,60.0
3708.0,83.0,67.0
3709.0,80.0,50.0
3710.0,80.0,67.0
3711.0,100.0,100.0
3712.0,75.0,100.0
3713.0,100.0,75.0
3714.0,0.0,0.0
3715.0,100.0,60.0
3716.0,80.0,71.0
3717.0,75.0,75.0
3718.0,75.0,75.0
3719.0,83.0,57.0
3720.0,80.0,33.0
3721.0,80.0,80.0
3722.0,80.0,80.0
3723.0,80.0,80.0
3724.0,71.0,75.0
3725.0,67.0,71.0
3726.0,75.0,67.0
3727.0,75.0,67.0
3728.0,60.0,56.0
3729.0,60.0,56.0
3730.0,80.0,67.0
3731.0,100.0,100.0
3732.0,0.0,0.0
3733.0,100.0,60.0
3734.0,86.0,57.0
3735.0,100.0,40.0
3736.0,100.0,50.0
3737.0,75.0,67.0
3738.0,75.0,67.0
3739.0,80.0,50.0
3740.0,80.0,60.0
3741.0,100.0,100.0
3742.0,75.0,24.0
3743.0,100.0,75.0
3744.0,0.0,0.0
3745.0,75.0,80.0
3746.0,0.0,0.0
3747.0,67.0,25.0
3748.0,100.0,60.0
3749.0,80.0,71.0
3750.0,75.0,53.0
3751.0,100.0,100.0
3752.0,0.0,0.0
3753.0,75.0,80.0
3754.0,0.0,0.0
3755.0,67.0,50.0
3756.0,100.0,60.0
3757.0,75.0,50.0
3758.0,75.0,53.0
3759.0,75.0,67.0
3760.0,75.0,60.0
3761.0,100.0,67.0
3762.0,100.0,67.0
3763.0,0.0,0.0
3764.0,75.0,75.0
3765.0,75.0,71.0
3766.0,100.0,42.0
3767.0,75.0,70.0
3768.0,86.0,61.0
3769.0,100.0,52.0
3770.0,75.0,69.0
3771.0,100.0,100.0
3772.0,100.0,75.0
3773.0,0.0,0.0
3774.0,100.0,60.0
3775.0,80.0,75.0
3776.0,80.0,75.0
3777.0,80.0,67.0
3778.0,80.0,56.0
3779.0,80.0,71.0
3780.0,80.0,33.0
3781.0,100.0,100.0
3782.0,100.0,75.0
3783.0,80.0,83.0
3784.0,0.0,0.0
3785.0,100.0,60.0
3786.0,67.0,75.0
3787.0,80.0,71.0
3788.0,100.0,57.0
3789.0,100.0,54.0
3790.0,80.0,55.0
3791.0,100.0,100.0
3792.0,0.0,0.0
3793.0,80.0,67.0
3794.0,80.0,75.0
3795.0,100.0,60.0
3796.0,80.0,56.0
3797.0,80.0,50.0
3798.0,83.0,57.0
3799.0,100.0,50.0
3800.0,86.0,58.0
3801.0,100.0,100.0
3802.0,75.0,80.0
3803.0,75.0,80.0
3804.0,100.0,42.0
3805.0,100.0,33.0
3806.0,100.0,38.0
3807.0,75.0,33.0
3808.0,75.0,67.0
3809.0,100.0,33.0
3810.0,100.0,33.0
3811.0,100.0,95.0
3812.0,100.0,67.0
3813.0,100.0,60.0
3814.0,100.0,57.0
3815.0,100.0,40.0
3816.0,75.0,55.0
3817.0,75.0,50.0
3818.0,91.0,59.0
3819.0,75.0,60.0
3820.0,100.0,33.0
3821.0,100.0,56.0
3822.0,100.0,56.0
3823.0,100.0,40.0
3824.0,100.0,60.0
3825.0,100.0,40.0
3826.0,100.0,60.0
3827.0,100.0,46.0
3828.0,100.0,46.0
3829.0,100.0,44.0
3830.0,100.0,44.0
3831.0,82.0,100.0
3832.0,100.0,79.0
3833.0,100.0,79.0
3834.0,100.0,75.0
3835.0,100.0,75.0
3836.0,67.0,80.0
3837.0,100.0,38.0
3838.0,100.0,54.0
3839.0,100.0,54.0
3840.0,100.0,43.0
3841.0,100.0,100.0
3842.0,100.0,50.0
3843.0,0.0,0.0
3844.0,67.0,67.0
3845.0,100.0,50.0
3846.0,100.0,50.0
3847.0,100.0,40.0
3848.0,100.0,50.0
3849.0,100.0,33.0
3850.0,100.0,33.0
3851.0,0.0,0.0
3852.0,0.0,0.0
3853.0,24.0,54.0
3854.0,80.0,67.0
3855.0,80.0,67.0
3856.0,80.0,56.0
3857.0,24.0,44.0
3858.0,50.0,67.0
3859.0,80.0,50.0
3860.0,67.0,60.0
3861.0,80.0,43.0
3862.0,80.0,50.0
3863.0,75.0,50.0
3864.0,100.0,42.0
3865.0,80.0,67.0
3866.0,75.0,44.0
3867.0,75.0,57.0
3868.0,100.0,40.0
3869.0,78.0,57.0
3870.0,75.0,50.0
3871.0,100.0,100.0
3872.0,67.0,75.0
3873.0,100.0,60.0
3874.0,100.0,67.0
3875.0,100.0,33.0
3876.0,80.0,60.0
3877.0,80.0,67.0
3878.0,67.0,60.0
3879.0,67.0,67.0
3880.0,67.0,59.0
3881.0,100.0,100.0
3882.0,80.0,86.0
3883.0,0.0,0.0
3884.0,67.0,75.0
3885.0,80.0,67.0
3886.0,100.0,57.0
3887.0,80.0,63.0
3888.0,100.0,50.0
3889.0,100.0,45.0
3890.0,80.0,62.0
3891.0,100.0,100.0
3892.0,0.0,0.0
3893.0,0.0,0.0
3894.0,100.0,62.0
3895.0,100.0,60.0
3896.0,80.0,75.0
3897.0,67.0,75.0
3898.0,67.0,71.0
3899.0,100.0,50.0
3900.0,100.0,54.0
3901.0,100.0,100.0
3902.0,75.0,83.0
3903.0,100.0,67.0
3904.0,100.0,29.0
3905.0,100.0,50.0
3906.0,100.0,40.0
3907.0,100.0,40.0
3908.0,100.0,36.0
3909.0,75.0,50.0
3910.0,100.0,55.0
3911.0,100.0,100.0
3912.0,0.0,0.0
3913.0,0.0,0.0
3914.0,0.0,0.0
3915.0,75.0,83.0
3916.0,80.0,75.0
3917.0,100.0,60.0
3918.0,80.0,75.0
3919.0,75.0,75.0
3920.0,80.0,67.0
3921.0,0.0,0.0
3922.0,0.0,0.0
3923.0,80.0,75.0
3924.0,80.0,71.0
3925.0,80.0,67.0
3926.0,80.0,67.0
3927.0,80.0,67.0
3928.0,21.0,43.0
3929.0,67.0,40.0
3930.0,80.0,40.0
3931.0,100.0,100.0
3932.0,80.0,75.0
3933.0,100.0,60.0
3934.0,100.0,60.0
3935.0,100.0,60.0
3936.0,80.0,71.0
3937.0,100.0,46.0
3938.0,100.0,53.0
3939.0,100.0,53.0
3940.0,80.0,33.0
3941.0,60.0,100.0
3942.0,60.0,100.0
3943.0,60.0,100.0
3944.0,60.0,100.0
3945.0,100.0,71.0
3946.0,60.0,100.0
3947.0,67.0,75.0
3948.0,67.0,75.0
3949.0,75.0,78.0
3950.0,75.0,75.0
3951.0,60.0,100.0
3952.0,60.0,100.0
3953.0,60.0,100.0
3954.0,60.0,100.0
3955.0,100.0,71.0
3956.0,60.0,100.0
3957.0,67.0,75.0
3958.0,67.0,75.0
3959.0,75.0,78.0
3960.0,75.0,75.0
3961.0,67.0,100.0
3962.0,83.0,60.0
3963.0,75.0,62.0
3964.0,80.0,50.0
3965.0,67.0,50.0
3966.0,75.0,53.0
3967.0,80.0,50.0
3968.0,75.0,45.0
3969.0,83.0,38.0
3970.0,60.0,43.0
3971.0,0.0,0.0
3972.0,50.0,67.0
3973.0,80.0,50.0
3974.0,80.0,60.0
3975.0,80.0,60.0
3976.0,80.0,50.0
3977.0,50.0,60.0
3978.0,67.0,56.0
3979.0,80.0,40.0
3980.0,67.0,50.0
3981.0,100.0,50.0
3982.0,80.0,67.0
3983.0,80.0,75.0
3984.0,100.0,60.0
3985.0,100.0,60.0
3986.0,100.0,50.0
3987.0,80.0,33.0
3988.0,100.0,100.0
3989.0,21.0,46.0
3990.0,75.0,67.0
3991.0,80.0,100.0
3992.0,0.0,0.0
3993.0,100.0,66.0
3994.0,100.0,39.0
3995.0,100.0,57.0
3996.0,75.0,50.0
3997.0,100.0,35.0
3998.0,100.0,50.0
3999.0,80.0,67.0
4000.0,100.0,21.0
4001.0,100.0,50.0
4002.0,0.0,0.0
4003.0,100.0,60.0
4004.0,100.0,60.0
4005.0,100.0,40.0
4006.0,100.0,43.0
4007.0,100.0,36.0
4008.0,100.0,54.0
4009.0,100.0,54.0
4010.0,75.0,71.0
4011.0,100.0,100.0
4012.0,100.0,83.0
4013.0,100.0,75.0
4014.0,100.0,50.0
4015.0,100.0,33.0
4016.0,100.0,67.0
4017.0,100.0,50.0
4018.0,100.0,100.0
4019.0,100.0,67.0
4020.0,100.0,67.0
4021.0,67.0,67.0
4022.0,0.0,0.0
4023.0,50.0,50.0
4024.0,50.0,33.0
4025.0,33.0,25.0
4026.0,33.0,25.0
4027.0,50.0,22.0
4028.0,33.0,20.0
4029.0,67.0,20.0
4030.0,67.0,20.0
4031.0,67.0,67.0
4032.0,0.0,0.0
4033.0,50.0,67.0
4034.0,50.0,33.0
4035.0,50.0,33.0
4036.0,33.0,25.0
4037.0,33.0,25.0
4038.0,50.0,33.0
4039.0,67.0,20.0
4040.0,67.0,20.0
4041.0,100.0,75.0
4042.0,0.0,0.0
4043.0,100.0,43.0
4044.0,100.0,44.0
4045.0,100.0,50.0
4046.0,100.0,48.0
4047.0,100.0,35.0
4048.0,100.0,40.0
4049.0,100.0,43.0
4050.0,100.0,38.0
4051.0,100.0,100.0
4052.0,100.0,100.0
4053.0,78.0,80.0
4054.0,100.0,64.0
4055.0,100.0,55.0
4056.0,100.0,62.0
4057.0,100.0,62.0
4058.0,100.0,57.0
4059.0,100.0,29.0
4060.0,100.0,60.0
4061.0,100.0,100.0
4062.0,80.0,100.0
4063.0,79.0,100.0
4064.0,100.0,71.0
4065.0,100.0,60.0
4066.0,100.0,67.0
4067.0,100.0,67.0
4068.0,100.0,67.0
4069.0,100.0,93.0
4070.0,100.0,57.0
4071.0,100.0,86.0
4072.0,100.0,86.0
4073.0,80.0,100.0
4074.0,83.0,60.0
4075.0,100.0,62.0
4076.0,100.0,62.0
4077.0,80.0,50.0
4078.0,100.0,43.0
4079.0,100.0,88.0
4080.0,100.0,88.0
4081.0,100.0,86.0
4082.0,100.0,86.0
4083.0,83.0,60.0
4084.0,75.0,86.0
4085.0,100.0,62.0
4086.0,100.0,62.0
4087.0,83.0,33.0
4088.0,100.0,31.0
4089.0,78.0,47.0
4090.0,100.0,44.0
4091.0,100.0,100.0
4092.0,100.0,50.0
4093.0,80.0,80.0
4094.0,0.0,0.0
4095.0,80.0,75.0
4096.0,80.0,75.0
4097.0,100.0,60.0
4098.0,100.0,60.0
4099.0,100.0,60.0
4100.0,100.0,60.0
4101.0,100.0,75.0
4102.0,100.0,50.0
4103.0,71.0,67.0
4104.0,100.0,40.0
4105.0,100.0,46.0
4106.0,100.0,38.0
4107.0,80.0,55.0
4108.0,83.0,67.0
4109.0,100.0,50.0
4110.0,100.0,50.0
4111.0,100.0,75.0
4112.0,100.0,50.0
4113.0,100.0,38.0
4114.0,100.0,46.0
4115.0,83.0,67.0
4116.0,100.0,50.0
4117.0,100.0,50.0
4118.0,100.0,33.0
4119.0,100.0,33.0
4120.0,100.0,42.0
4121.0,100.0,75.0
4122.0,100.0,50.0
4123.0,100.0,50.0
4124.0,100.0,67.0
4125.0,100.0,46.0
4126.0,100.0,38.0
4127.0,100.0,29.0
4128.0,100.0,57.0
4129.0,100.0,46.0
4130.0,100.0,50.0
4131.0,100.0,75.0
4132.0,100.0,46.0
4133.0,100.0,46.0
4134.0,80.0,67.0
4135.0,71.0,75.0
4136.0,82.0,55.0
4137.0,83.0,67.0
4138.0,80.0,67.0
4139.0,100.0,50.0
4140.0,100.0,50.0
4141.0,100.0,38.0
4142.0,80.0,38.0
4143.0,75.0,50.0
4144.0,80.0,36.0
4145.0,80.0,55.0
4146.0,80.0,60.0
4147.0,75.0,60.0
4148.0,80.0,45.0
4149.0,80.0,45.0
4150.0,80.0,40.0
4151.0,60.0,60.0
4152.0,80.0,38.0
4153.0,75.0,50.0
4154.0,80.0,31.0
4155.0,100.0,35.0
4156.0,80.0,40.0
4157.0,80.0,46.0
4158.0,80.0,46.0
4159.0,83.0,40.0
4160.0,80.0,50.0
4161.0,67.0,75.0
4162.0,100.0,44.0
4163.0,100.0,36.0
4164.0,80.0,57.0
4165.0,67.0,67.0
4166.0,67.0,67.0
4167.0,67.0,67.0
4168.0,67.0,67.0
4169.0,67.0,56.0
4170.0,67.0,62.0
4171.0,100.0,100.0
4172.0,80.0,67.0
4173.0,100.0,44.0
4174.0,75.0,61.0
4175.0,67.0,50.0
4176.0,80.0,60.0
4177.0,100.0,22.0
4178.0,75.0,58.0
4179.0,75.0,52.0
4180.0,100.0,42.0
4181.0,75.0,75.0
4182.0,80.0,67.0
4183.0,67.0,50.0
4184.0,100.0,50.0
4185.0,100.0,42.0
4186.0,100.0,50.0
4187.0,100.0,25.0
4188.0,100.0,50.0
4189.0,80.0,57.0
4190.0,80.0,43.0
4191.0,100.0,100.0
4192.0,100.0,75.0
4193.0,100.0,75.0
4194.0,0.0,0.0
4195.0,0.0,0.0
4196.0,100.0,67.0
4197.0,0.0,0.0
4198.0,100.0,62.0
4199.0,100.0,56.0
4200.0,100.0,60.0
4201.0,100.0,100.0
4202.0,100.0,67.0
4203.0,80.0,100.0
4204.0,100.0,67.0
4205.0,100.0,50.0
4206.0,100.0,50.0
4207.0,100.0,67.0
4208.0,100.0,60.0
4209.0,80.0,75.0
4210.0,100.0,60.0
4211.0,100.0,100.0
4212.0,100.0,100.0
4213.0,75.0,75.0
4214.0,80.0,88.0
4215.0,100.0,67.0
4216.0,100.0,33.0
4217.0,75.0,60.0
4218.0,80.0,75.0
4219.0,100.0,60.0
4220.0,100.0,60.0
4221.0,100.0,100.0
4222.0,100.0,67.0
4223.0,100.0,67.0
4224.0,100.0,50.0
4225.0,29.0,54.0
4226.0,80.0,67.0
4227.0,80.0,67.0
4228.0,100.0,48.0
4229.0,80.0,64.0
4230.0,29.0,43.0
4231.0,100.0,100.0
4232.0,100.0,67.0
4233.0,100.0,67.0
4234.0,100.0,50.0
4235.0,29.0,54.0
4236.0,100.0,46.0
4237.0,80.0,67.0
4238.0,80.0,67.0
4239.0,80.0,67.0
4240.0,100.0,48.0
4241.0,100.0,100.0
4242.0,100.0,50.0
4243.0,80.0,83.0
4244.0,100.0,50.0
4245.0,100.0,50.0
4246.0,100.0,67.0
4247.0,0.0,0.0
4248.0,83.0,62.0
4249.0,75.0,75.0
4250.0,100.0,40.0
4251.0,100.0,100.0
4252.0,100.0,67.0
4253.0,0.0,0.0
4254.0,0.0,0.0
4255.0,100.0,43.0
4256.0,67.0,50.0
4257.0,75.0,60.0
4258.0,100.0,50.0
4259.0,100.0,38.0
4260.0,67.0,44.0
4261.0,100.0,100.0
4262.0,100.0,67.0
4263.0,100.0,67.0
4264.0,0.0,0.0
4265.0,75.0,67.0
4266.0,60.0,71.0
4267.0,75.0,60.0
4268.0,67.0,62.0
4269.0,100.0,38.0
4270.0,67.0,67.0
4271.0,100.0,100.0
4272.0,65.0,100.0
4273.0,100.0,43.0
4274.0,67.0,67.0
4275.0,75.0,30.0
4276.0,100.0,33.0
4277.0,100.0,50.0
4278.0,75.0,50.0
4279.0,100.0,47.0
4280.0,67.0,60.0
4281.0,100.0,100.0
4282.0,100.0,67.0
4283.0,0.0,0.0
4284.0,0.0,0.0
4285.0,67.0,50.0
4286.0,100.0,50.0
4287.0,100.0,50.0
4288.0,67.0,44.0
4289.0,67.0,44.0
4290.0,75.0,50.0
4291.0,100.0,100.0
4292.0,100.0,67.0
4293.0,0.0,0.0
4294.0,60.0,71.0
4295.0,75.0,60.0
4296.0,75.0,67.0
4297.0,100.0,45.0
4298.0,67.0,57.0
4299.0,67.0,57.0
4300.0,100.0,22.0
4301.0,100.0,100.0
4302.0,100.0,50.0
4303.0,75.0,50.0
4304.0,100.0,37.0
4305.0,100.0,38.0
4306.0,100.0,43.0
4307.0,100.0,46.0
4308.0,100.0,46.0
4309.0,75.0,43.0
4310.0,100.0,29.0
4311.0,100.0,100.0
4312.0,0.0,0.0
4313.0,67.0,75.0
4314.0,86.0,59.0
4315.0,80.0,50.0
4316.0,100.0,100.0
4317.0,100.0,42.0
4318.0,100.0,50.0
4319.0,100.0,17.0
4320.0,100.0,50.0
4321.0,100.0,75.0
4322.0,0.0,0.0
4323.0,100.0,62.0
4324.0,100.0,60.0
4325.0,80.0,75.0
4326.0,100.0,57.0
4327.0,75.0,75.0
4328.0,100.0,56.0
4329.0,100.0,55.0
4330.0,75.0,71.0
4331.0,100.0,100.0
4332.0,100.0,50.0
4333.0,0.0,0.0
4334.0,100.0,60.0
4335.0,100.0,50.0
4336.0,100.0,50.0
4337.0,100.0,57.0
4338.0,100.0,57.0
4339.0,100.0,57.0
4340.0,100.0,54.0
4341.0,100.0,100.0
4342.0,0.0,0.0
4343.0,0.0,0.0
4344.0,100.0,67.0
4345.0,0.0,0.0
4346.0,100.0,56.0
4347.0,100.0,62.0
4348.0,100.0,55.0
4349.0,100.0,60.0
4350.0,100.0,60.0
4351.0,86.0,62.0
4352.0,75.0,71.0
4353.0,100.0,50.0
4354.0,80.0,29.0
4355.0,100.0,43.0
4356.0,80.0,57.0
4357.0,75.0,55.0
4358.0,100.0,35.0
4359.0,100.0,29.0
4360.0,75.0,57.0
4361.0,100.0,50.0
4362.0,100.0,57.0
4363.0,75.0,67.0
4364.0,75.0,50.0
4365.0,100.0,32.0
4366.0,80.0,50.0
4367.0,100.0,43.0
4368.0,100.0,43.0
4369.0,75.0,43.0
4370.0,100.0,46.0
4371.0,71.0,100.0
4372.0,86.0,62.0
4373.0,80.0,71.0
4374.0,86.0,67.0
4375.0,86.0,60.0
4376.0,67.0,67.0
4377.0,86.0,55.0
4378.0,86.0,55.0
4379.0,86.0,60.0
4380.0,86.0,59.0
4381.0,100.0,29.0
4382.0,100.0,57.0
4383.0,100.0,38.0
4384.0,100.0,50.0
4385.0,100.0,50.0
4386.0,100.0,36.0
4387.0,100.0,37.0
4388.0,100.0,44.0
4389.0,100.0,44.0
4390.0,100.0,33.0
4391.0,100.0,80.0
4392.0,100.0,60.0
4393.0,100.0,56.0
4394.0,100.0,57.0
4395.0,100.0,54.0
4396.0,100.0,54.0
4397.0,100.0,48.0
4398.0,100.0,42.0
4399.0,100.0,50.0
4400.0,100.0,37.0
4401.0,75.0,83.0
4402.0,75.0,67.0
4403.0,0.0,0.0
4404.0,28.0,55.0
4405.0,75.0,40.0
4406.0,100.0,40.0
4407.0,75.0,50.0
4408.0,75.0,67.0
4409.0,75.0,64.0
4410.0,28.0,43.0
4411.0,100.0,40.0
4412.0,0.0,0.0
4413.0,100.0,60.0
4414.0,80.0,75.0
4415.0,100.0,60.0
4416.0,100.0,60.0
4417.0,100.0,60.0
4418.0,100.0,57.0
4419.0,100.0,57.0
4420.0,100.0,56.0
4421.0,100.0,100.0
4422.0,100.0,60.0
4423.0,100.0,57.0
4424.0,75.0,75.0
4425.0,100.0,43.0
4426.0,29.0,47.0
4427.0,29.0,67.0
4428.0,75.0,60.0
4429.0,100.0,50.0
4430.0,100.0,50.0
4431.0,100.0,67.0
4432.0,100.0,60.0
4433.0,80.0,69.0
4434.0,80.0,67.0
4435.0,80.0,67.0
4436.0,19.0,53.0
4437.0,75.0,50.0
4438.0,80.0,62.0
4439.0,100.0,50.0
4440.0,75.0,67.0
4441.0,0.0,0.0
4442.0,100.0,60.0
4443.0,100.0,57.0
4444.0,100.0,56.0
4445.0,100.0,46.0
4446.0,75.0,71.0
4447.0,100.0,50.0
4448.0,100.0,50.0
4449.0,100.0,50.0
4450.0,100.0,50.0
4451.0,100.0,100.0
4452.0,100.0,100.0
4453.0,100.0,67.0
4454.0,0.0,0.0
4455.0,0.0,0.0
4456.0,67.0,75.0
4457.0,88.0,50.0
4458.0,100.0,40.0
4459.0,100.0,43.0
4460.0,0.0,0.0
4461.0,88.0,60.0
4462.0,86.0,100.0
4463.0,0.0,0.0
4464.0,100.0,67.0
4465.0,100.0,67.0
4466.0,75.0,75.0
4467.0,86.0,33.0
4468.0,86.0,67.0
4469.0,100.0,44.0
4470.0,100.0,44.0
4471.0,100.0,35.0
4472.0,100.0,67.0
4473.0,100.0,50.0
4474.0,100.0,53.0
4475.0,80.0,67.0
4476.0,100.0,50.0
4477.0,100.0,50.0
4478.0,100.0,50.0
4479.0,100.0,33.0
4480.0,80.0,56.0
4481.0,75.0,67.0
4482.0,80.0,80.0
4483.0,77.0,67.0
4484.0,77.0,50.0
4485.0,80.0,75.0
4486.0,77.0,59.0
4487.0,75.0,57.0
4488.0,75.0,57.0
4489.0,100.0,40.0
4490.0,100.0,43.0
4491.0,77.0,40.0
4492.0,75.0,75.0
4493.0,0.0,0.0
4494.0,75.0,62.0
4495.0,75.0,57.0
4496.0,75.0,62.0
4497.0,75.0,44.0
4498.0,70.0,56.0
4499.0,75.0,43.0
4500.0,75.0,50.0
4501.0,75.0,31.0
4502.0,67.0,71.0
4503.0,75.0,50.0
4504.0,67.0,64.0
4505.0,67.0,43.0
4506.0,67.0,57.0
4507.0,67.0,44.0
4508.0,67.0,57.0
4509.0,67.0,40.0
4510.0,67.0,44.0
4511.0,67.0,46.0
4512.0,100.0,41.0
4513.0,75.0,62.0
4514.0,100.0,24.0
4515.0,100.0,44.0
4516.0,0.0,0.0
4517.0,71.0,44.0
4518.0,75.0,50.0
4519.0,75.0,47.0
4520.0,100.0,33.0
4521.0,100.0,38.0
4522.0,75.0,75.0
4523.0,75.0,67.0
4524.0,75.0,67.0
4525.0,100.0,38.0
4526.0,75.0,63.0
4527.0,75.0,62.0
4528.0,75.0,60.0
4529.0,75.0,50.0
4530.0,100.0,40.0
4531.0,75.0,57.0
4532.0,83.0,78.0
4533.0,0.0,0.0
4534.0,67.0,75.0
4535.0,83.0,70.0
4536.0,67.0,71.0
4537.0,83.0,67.0
4538.0,100.0,22.0
4539.0,82.0,67.0
4540.0,80.0,67.0
4541.0,67.0,67.0
4542.0,75.0,75.0
4543.0,100.0,50.0
4544.0,75.0,67.0
4545.0,75.0,67.0
4546.0,75.0,62.0
4547.0,75.0,54.0
4548.0,100.0,44.0
4549.0,100.0,33.0
4550.0,75.0,60.0
4551.0,75.0,40.0
4552.0,80.0,100.0
4553.0,0.0,0.0
4554.0,0.0,0.0
4555.0,0.0,0.0
4556.0,75.0,71.0
4557.0,80.0,67.0
4558.0,75.0,67.0
4559.0,75.0,60.0
4560.0,75.0,62.0
4561.0,75.0,60.0
4562.0,100.0,100.0
4563.0,100.0,100.0
4564.0,75.0,100.0
4565.0,75.0,100.0
4566.0,100.0,63.0
4567.0,100.0,63.0
4568.0,100.0,57.0
4569.0,100.0,57.0
4570.0,0.0,0.0
4571.0,0.0,0.0
4572.0,0.0,0.0
4573.0,0.0,0.0
4574.0,80.0,75.0
4575.0,80.0,71.0
4576.0,80.0,67.0
4577.0,80.0,67.0
4578.0,80.0,67.0
4579.0,21.0,43.0
4580.0,67.0,40.0
4581.0,67.0,40.0
4582.0,80.0,100.0
4583.0,80.0,100.0
4584.0,100.0,33.0
4585.0,80.0,83.0
4586.0,100.0,33.0
4587.0,80.0,80.0
4588.0,67.0,67.0
4589.0,100.0,62.0
4590.0,100.0,60.0
4591.0,100.0,57.0
4592.0,75.0,67.0
4593.0,50.0,67.0
4594.0,67.0,55.0
4595.0,80.0,38.0
4596.0,75.0,57.0
4597.0,75.0,50.0
4598.0,80.0,45.0
4599.0,67.0,50.0
4600.0,80.0,33.0
4601.0,80.0,33.0
4602.0,100.0,40.0
4603.0,100.0,57.0
4604.0,100.0,48.0
4605.0,100.0,57.0
4606.0,100.0,57.0
4607.0,75.0,67.0
4608.0,50.0,67.0
4609.0,100.0,45.0
4610.0,100.0,54.0
4611.0,100.0,36.0
4612.0,100.0,100.0
4613.0,100.0,67.0
4614.0,100.0,67.0
4615.0,100.0,60.0
4616.0,80.0,75.0
4617.0,80.0,75.0
4618.0,100.0,60.0
4619.0,100.0,60.0
4620.0,80.0,75.0
4621.0,50.0,75.0
4622.0,100.0,80.0
4623.0,63.0,100.0
4624.0,100.0,100.0
4625.0,100.0,100.0
4626.0,100.0,100.0
4627.0,61.0,41.0
4628.0,100.0,33.0
4629.0,100.0,33.0
4630.0,100.0,100.0
4631.0,0.0,0.0
4632.0,90.0,88.0
4633.0,90.0,75.0
4634.0,100.0,33.0
4635.0,90.0,67.0
4636.0,90.0,67.0
4637.0,90.0,50.0
4638.0,90.0,50.0
4639.0,90.0,67.0
4640.0,90.0,67.0
4641.0,100.0,83.0
4642.0,100.0,75.0
4643.0,100.0,71.0
4644.0,0.0,0.0
4645.0,0.0,0.0
4646.0,75.0,88.0
4647.0,100.0,64.0
4648.0,100.0,64.0
4649.0,100.0,60.0
4650.0,100.0,58.0
4651.0,100.0,20.0
4652.0,100.0,83.0
4653.0,100.0,86.0
4654.0,100.0,75.0
4655.0,100.0,62.0
4656.0,100.0,71.0
4657.0,0.0,0.0
4658.0,0.0,0.0
4659.0,100.0,60.0
4660.0,100.0,60.0
4661.0,100.0,100.0
4662.0,100.0,75.0
4663.0,100.0,70.0
4664.0,100.0,70.0
4665.0,100.0,57.0
4666.0,0.0,0.0
4667.0,100.0,64.0
4668.0,100.0,62.0
4669.0,80.0,75.0
4670.0,67.0,75.0
4671.0,75.0,47.0
4672.0,80.0,56.0
4673.0,67.0,56.0
4674.0,67.0,60.0
4675.0,67.0,33.0
4676.0,50.0,50.0
4677.0,50.0,67.0
4678.0,67.0,50.0
4679.0,67.0,48.0
4680.0,75.0,50.0
4681.0,100.0,100.0
4682.0,80.0,83.0
4683.0,83.0,70.0
4684.0,83.0,75.0
4685.0,67.0,75.0
4686.0,80.0,71.0
4687.0,100.0,56.0
4688.0,80.0,67.0
4689.0,80.0,50.0
4690.0,80.0,57.0
4691.0,0.0,0.0
4692.0,100.0,97.0
4693.0,100.0,97.0
4694.0,75.0,60.0
4695.0,100.0,61.0
4696.0,89.0,67.0
4697.0,100.0,57.0
4698.0,100.0,50.0
4699.0,89.0,62.0
4700.0,89.0,62.0
4701.0,100.0,33.0
4702.0,100.0,67.0
4703.0,0.0,0.0
4704.0,100.0,46.0
4705.0,100.0,55.0
4706.0,100.0,50.0
4707.0,100.0,50.0
4708.0,75.0,75.0
4709.0,100.0,50.0
4710.0,100.0,45.0
4711.0,0.0,0.0
4712.0,100.0,40.0
4713.0,75.0,71.0
4714.0,80.0,33.0
4715.0,100.0,50.0
4716.0,100.0,36.0
4717.0,86.0,57.0
4718.0,80.0,60.0
4719.0,80.0,60.0
4720.0,86.0,55.0
4721.0,100.0,100.0
4722.0,100.0,60.0
4723.0,75.0,67.0
4724.0,80.0,71.0
4725.0,75.0,75.0
4726.0,100.0,56.0
4727.0,100.0,50.0
4728.0,75.0,70.0
4729.0,100.0,50.0
4730.0,100.0,40.0
4731.0,100.0,80.0
4732.0,100.0,40.0
4733.0,79.0,80.0
4734.0,100.0,75.0
4735.0,71.0,80.0
4736.0,79.0,40.0
4737.0,75.0,40.0
4738.0,71.0,40.0
4739.0,100.0,33.0
4740.0,100.0,67.0
4741.0,80.0,100.0
4742.0,100.0,97.0
4743.0,100.0,67.0
4744.0,83.0,71.0
4745.0,80.0,40.0
4746.0,83.0,67.0
4747.0,80.0,61.0
4748.0,80.0,44.0
4749.0,100.0,60.0
4750.0,80.0,62.0
4751.0,100.0,100.0
4752.0,100.0,67.0
4753.0,100.0,62.0
4754.0,100.0,60.0
4755.0,100.0,60.0
4756.0,100.0,59.0
4757.0,100.0,58.0
4758.0,100.0,57.0
4759.0,100.0,55.0
4760.0,100.0,64.0
4761.0,0.0,0.0
4762.0,0.0,0.0
4763.0,100.0,50.0
4764.0,67.0,50.0
4765.0,100.0,45.0
4766.0,100.0,50.0
4767.0,67.0,40.0
4768.0,67.0,40.0
4769.0,100.0,24.0
4770.0,67.0,60.0
4771.0,100.0,100.0
4772.0,100.0,80.0
4773.0,100.0,60.0
4774.0,79.0,80.0
4775.0,79.0,60.0
4776.0,80.0,80.0
4777.0,80.0,60.0
4778.0,75.0,60.0
4779.0,76.0,60.0
4780.0,76.0,80.0
4781.0,100.0,100.0
4782.0,100.0,80.0
4783.0,100.0,75.0
4784.0,100.0,60.0
4785.0,100.0,50.0
4786.0,83.0,70.0
4787.0,100.0,57.0
4788.0,100.0,56.0
4789.0,83.0,33.0
4790.0,83.0,33.0
4791.0,100.0,100.0
4792.0,100.0,50.0
4793.0,0.0,0.0
4794.0,0.0,0.0
4795.0,100.0,55.0
4796.0,67.0,33.0
4797.0,80.0,67.0
4798.0,100.0,28.0
4799.0,100.0,67.0
4800.0,100.0,58.0
4801.0,100.0,75.0
4802.0,100.0,69.0
4803.0,100.0,64.0
4804.0,100.0,67.0
4805.0,100.0,33.0
4806.0,100.0,62.0
4807.0,100.0,62.0
4808.0,60.0,75.0
4809.0,100.0,60.0
4810.0,100.0,60.0
4811.0,100.0,100.0
4812.0,100.0,50.0
4813.0,100.0,60.0
4814.0,100.0,60.0
4815.0,100.0,60.0
4816.0,100.0,50.0
4817.0,75.0,80.0
4818.0,100.0,57.0
4819.0,100.0,56.0
4820.0,100.0,56.0
4821.0,100.0,75.0
4822.0,100.0,69.0
4823.0,100.0,33.0
4824.0,100.0,64.0
4825.0,100.0,62.0
4826.0,100.0,62.0
4827.0,100.0,40.0
4828.0,100.0,60.0
4829.0,100.0,60.0
4830.0,100.0,60.0
4831.0,100.0,75.0
4832.0,100.0,64.0
4833.0,100.0,69.0
4834.0,100.0,33.0
4835.0,100.0,64.0
4836.0,100.0,64.0
4837.0,100.0,62.0
4838.0,100.0,62.0
4839.0,93.0,67.0
4840.0,100.0,60.0
4841.0,100.0,50.0
4842.0,100.0,75.0
4843.0,100.0,69.0
4844.0,100.0,33.0
4845.0,100.0,64.0
4846.0,100.0,62.0
4847.0,100.0,40.0
4848.0,100.0,62.0
4849.0,100.0,50.0
4850.0,100.0,60.0
4851.0,100.0,75.0
4852.0,100.0,75.0
4853.0,100.0,69.0
4854.0,100.0,64.0
4855.0,100.0,33.0
4856.0,100.0,62.0
4857.0,100.0,62.0
4858.0,100.0,50.0
4859.0,100.0,60.0
4860.0,100.0,60.0
4861.0,75.0,100.0
4862.0,75.0,100.0
4863.0,0.0,0.0
4864.0,0.0,0.0
4865.0,100.0,50.0
4866.0,100.0,50.0
4867.0,75.0,62.0
4868.0,100.0,43.0
4869.0,75.0,60.0
4870.0,67.0,67.0
4871.0,80.0,80.0
4872.0,100.0,62.0
4873.0,80.0,75.0
4874.0,100.0,57.0
4875.0,100.0,50.0
4876.0,80.0,33.0
4877.0,75.0,60.0
4878.0,100.0,60.0
4879.0,100.0,50.0
4880.0,100.0,33.0
4881.0,75.0,67.0
4882.0,0.0,0.0
4883.0,0.0,0.0
4884.0,0.0,0.0
4885.0,75.0,50.0
4886.0,75.0,67.0
4887.0,75.0,67.0
4888.0,75.0,67.0
4889.0,75.0,67.0
4890.0,75.0,62.0
4891.0,100.0,33.0
4892.0,100.0,25.0
4893.0,100.0,50.0
4894.0,100.0,50.0
4895.0,100.0,50.0
4896.0,75.0,67.0
4897.0,100.0,27.0
4898.0,100.0,44.0
4899.0,100.0,40.0
4900.0,100.0,39.0
4901.0,100.0,38.0
4902.0,100.0,50.0
4903.0,100.0,50.0
4904.0,100.0,50.0
4905.0,67.0,67.0
4906.0,100.0,36.0
4907.0,100.0,32.0
4908.0,100.0,31.0
4909.0,100.0,38.0
4910.0,100.0,17.0
4911.0,0.0,0.0
4912.0,80.0,75.0
4913.0,75.0,50.0
4914.0,75.0,67.0
4915.0,75.0,67.0
4916.0,100.0,27.0
4917.0,75.0,57.0
4918.0,80.0,60.0
4919.0,100.0,15.0
4920.0,100.0,43.0
4921.0,60.0,100.0
4922.0,80.0,80.0
4923.0,100.0,62.0
4924.0,100.0,42.0
4925.0,75.0,75.0
4926.0,100.0,53.0
4927.0,100.0,33.0
4928.0,80.0,67.0
4929.0,80.0,67.0
4930.0,100.0,36.0
4931.0,100.0,50.0
4932.0,0.0,0.0
4933.0,0.0,0.0
4934.0,100.0,62.0
4935.0,100.0,50.0
4936.0,100.0,50.0
4937.0,100.0,44.0
4938.0,80.0,67.0
4939.0,25.0,42.0
4940.0,60.0,50.0
4941.0,82.0,100.0
4942.0,100.0,79.0
4943.0,100.0,79.0
4944.0,100.0,75.0
4945.0,100.0,75.0
4946.0,100.0,38.0
4947.0,100.0,54.0
4948.0,100.0,54.0
4949.0,100.0,43.0
4950.0,100.0,50.0
4951.0,0.0,0.0
4952.0,0.0,0.0
4953.0,80.0,75.0
4954.0,80.0,71.0
4955.0,80.0,67.0
4956.0,80.0,67.0
4957.0,80.0,67.0
4958.0,80.0,40.0
4959.0,21.0,43.0
4960.0,67.0,40.0
4961.0,80.0,100.0
4962.0,100.0,75.0
4963.0,100.0,67.0
4964.0,100.0,60.0
4965.0,100.0,50.0
4966.0,100.0,50.0
4967.0,80.0,71.0
4968.0,100.0,56.0
4969.0,100.0,55.0
4970.0,100.0,50.0
4971.0,83.0,75.0
4972.0,80.0,75.0
4973.0,80.0,67.0
4974.0,80.0,67.0
4975.0,80.0,67.0
4976.0,100.0,41.0
4977.0,100.0,49.0
4978.0,100.0,33.0
4979.0,100.0,38.0
4980.0,80.0,62.0
4981.0,100.0,60.0
4982.0,80.0,75.0
4983.0,80.0,69.0
4984.0,80.0,50.0
4985.0,80.0,67.0
4986.0,80.0,50.0
4987.0,67.0,67.0
4988.0,100.0,50.0
4989.0,100.0,38.0
4990.0,80.0,40.0
4991.0,82.0,71.0
4992.0,80.0,69.0
4993.0,80.0,50.0
4994.0,75.0,42.0
4995.0,80.0,67.0
4996.0,80.0,50.0
4997.0,83.0,57.0
4998.0,88.0,56.0
4999.0,100.0,67.0
